6
92 44
0.6196811795234680 0.6196811795234680 0.6196811795234680 0.6196811795234680 0.6196811795234680 0.6196811795234680 0.6196811795234680 0.6196811795234680
0.6235195994377136 0.6235195994377136 0.6235195994377136 0.6235195994377136 0.6235195994377136 0.6235195994377136 0.6235195994377136 0.6235195994377136
0.6168644428253174 0.6168644428253174 0.6168644428253174 0.6168644428253174 0.6168644428253174 0.6168644428253174 0.6168644428253174 0.6168644428253174
0.6133489012718201 0.6133489012718201 0.6133489012718201 0.6133489012718201 0.6133489012718201 0.6133489012718201 0.6133489012718201 0.6133489012718201
0.6289620399475098 0.6289620399475098 0.6289620399475098 0.6289620399475098 0.6289620399475098 0.6289620399475098 0.6289620399475098 0.6289620399475098
0.6193607449531555 0.6193607449531555 0.6193607449531555 0.6193607449531555 0.6193607449531555 0.6193607449531555 0.6193607449531555 0.6193607449531555
0.6183827519416809 0.6183827519416809 0.6183827519416809 0.6183827519416809 0.6183827519416809 0.6183827519416809 0.6183827519416809 0.6183827519416809
0.6376613378524780 0.6376613378524780 0.6376613378524780 0.6376613378524780 0.6376613378524780 0.6376613378524780 0.6376613378524780 0.6376613378524780
0.6165499687194824 0.6165499687194824 0.6165499687194824 0.6165499687194824 0.6165499687194824 0.6165499687194824 0.6165499687194824 0.6165499687194824
0.6243417859077454 0.6243417859077454 0.6243417859077454 0.6243417859077454 0.6243417859077454 0.6243417859077454 0.6243417859077454 0.6243417859077454
0.6169847846031189 0.6169847846031189 0.6169847846031189 0.6169847846031189 0.6169847846031189 0.6169847846031189 0.6169847846031189 0.6169847846031189
0.6167708635330200 0.6167708635330200 0.6167708635330200 0.6167708635330200 0.6167708635330200 0.6167708635330200 0.6167708635330200 0.6167708635330200
0.6254250407218933 0.6254250407218933 0.6254250407218933 0.6254250407218933 0.6254250407218933 0.6254250407218933 0.6254250407218933 0.6254250407218933
0.6105186343193054 0.6105186343193054 0.6105186343193054 0.6105186343193054 0.6105186343193054 0.6105186343193054 0.6105186343193054 0.6105186343193054
0.6184297204017639 0.6184297204017639 0.6184297204017639 0.6184297204017639 0.6184297204017639 0.6184297204017639 0.6184297204017639 0.6184297204017639
0.6203787922859192 0.6203787922859192 0.6203787922859192 0.6203787922859192 0.6203787922859192 0.6203787922859192 0.6203787922859192 0.6203787922859192
0.6222236752510071 0.6222236752510071 0.6222236752510071 0.6222236752510071 0.6222236752510071 0.6222236752510071 0.6222236752510071 0.6222236752510071
0.6045691967010498 0.6045691967010498 0.6045691967010498 0.6045691967010498 0.6045691967010498 0.6045691967010498 0.6045691967010498 0.6045691967010498
0.6300382614135742 0.6300382614135742 0.6300382614135742 0.6300382614135742 0.6300382614135742 0.6300382614135742 0.6300382614135742 0.6300382614135742
0.6132773756980896 0.6132773756980896 0.6132773756980896 0.6132773756980896 0.6132773756980896 0.6132773756980896 0.6132773756980896 0.6132773756980896
0.5993105769157410 0.5993105769157410 0.5993105769157410 0.5993105769157410 0.5993105769157410 0.5993105769157410 0.5993105769157410 0.5993105769157410
0.6064727902412415 0.6064727902412415 0.6064727902412415 0.6064727902412415 0.6064727902412415 0.6064727902412415 0.6064727902412415 0.6064727902412415
0.6127089858055115 0.6127089858055115 0.6127089858055115 0.6127089858055115 0.6127089858055115 0.6127089858055115 0.6127089858055115 0.6127089858055115
0.6269645690917969 0.6269645690917969 0.6269645690917969 0.6269645690917969 0.6269645690917969 0.6269645690917969 0.6269645690917969 0.6269645690917969
0.6212825179100037 0.6212825179100037 0.6212825179100037 0.6212825179100037 0.6212825179100037 0.6212825179100037 0.6212825179100037 0.6212825179100037
0.6165271997451782 0.6165271997451782 0.6165271997451782 0.6165271997451782 0.6165271997451782 0.6165271997451782 0.6165271997451782 0.6165271997451782
0.6198192834854126 0.6198192834854126 0.6198192834854126 0.6198192834854126 0.6198192834854126 0.6198192834854126 0.6198192834854126 0.6198192834854126
0.6183621287345886 0.6183621287345886 0.6183621287345886 0.6183621287345886 0.6183621287345886 0.6183621287345886 0.6183621287345886 0.6183621287345886
0.6242970228195190 0.6242970228195190 0.6242970228195190 0.6242970228195190 0.6242970228195190 0.6242970228195190 0.6242970228195190 0.6242970228195190
0.6117599010467529 0.6117599010467529 0.6117599010467529 0.6117599010467529 0.6117599010467529 0.6117599010467529 0.6117599010467529 0.6117599010467529
0.6193192005157471 0.6193192005157471 0.6193192005157471 0.6193192005157471 0.6193192005157471 0.6193192005157471 0.6193192005157471 0.6193192005157471
0.6176529526710510 0.6176529526710510 0.6176529526710510 0.6176529526710510 0.6176529526710510 0.6176529526710510 0.6176529526710510 0.6176529526710510
0.6088818311691284 0.6088818311691284 0.6088818311691284 0.6088818311691284 0.6088818311691284 0.6088818311691284 0.6088818311691284 0.6088818311691284
0.6249886155128479 0.6249886155128479 0.6249886155128479 0.6249886155128479 0.6249886155128479 0.6249886155128479 0.6249886155128479 0.6249886155128479
0.6321984529495239 0.6321984529495239 0.6321984529495239 0.6321984529495239 0.6321984529495239 0.6321984529495239 0.6321984529495239 0.6321984529495239
0.6199758052825928 0.6199758052825928 0.6199758052825928 0.6199758052825928 0.6199758052825928 0.6199758052825928 0.6199758052825928 0.6199758052825928
0.6131963133811951 0.6131963133811951 0.6131963133811951 0.6131963133811951 0.6131963133811951 0.6131963133811951 0.6131963133811951 0.6131963133811951
0.6271629929542542 0.6271629929542542 0.6271629929542542 0.6271629929542542 0.6271629929542542 0.6271629929542542 0.6271629929542542 0.6271629929542542
0.6166126728057861 0.6166126728057861 0.6166126728057861 0.6166126728057861 0.6166126728057861 0.6166126728057861 0.6166126728057861 0.6166126728057861
0.6317738294601440 0.6317738294601440 0.6317738294601440 0.6317738294601440 0.6317738294601440 0.6317738294601440 0.6317738294601440 0.6317738294601440
0.6297073960304260 0.6297073960304260 0.6297073960304260 0.6297073960304260 0.6297073960304260 0.6297073960304260 0.6297073960304260 0.6297073960304260
0.6053565144538879 0.6053565144538879 0.6053565144538879 0.6053565144538879 0.6053565144538879 0.6053565144538879 0.6053565144538879 0.6053565144538879
0.6174849271774292 0.6174849271774292 0.6174849271774292 0.6174849271774292 0.6174849271774292 0.6174849271774292 0.6174849271774292 0.6174849271774292
0.6129477620124817 0.6129477620124817 0.6129477620124817 0.6129477620124817 0.6129477620124817 0.6129477620124817 0.6129477620124817 0.6129477620124817
0.5224924087524414 0.5224924087524414 0.5224924087524414 0.5224924087524414 0.5224924087524414 0.5224924087524414 0.5224924087524414 0.5224924087524414
0.5099807977676392 0.5099807977676392 0.5099807977676392 0.5099807977676392 0.5099807977676392 0.5099807977676392 0.5099807977676392 0.5099807977676392
0.5292330980300903 0.5292330980300903 0.5292330980300903 0.5292330980300903 0.5292330980300903 0.5292330980300903 0.5292330980300903 0.5292330980300903
0.5202253460884094 0.5202253460884094 0.5202253460884094 0.5202253460884094 0.5202253460884094 0.5202253460884094 0.5202253460884094 0.5202253460884094
0.4285426735877991 0.4285426735877991 0.4285426735877991 0.4285426735877991 0.4285426735877991 0.4285426735877991 0.4285426735877991 0.4285426735877991
0.5354785919189453 0.5354785919189453 0.5354785919189453 0.5354785919189453 0.5354785919189453 0.5354785919189453 0.5354785919189453 0.5354785919189453
0.5105834007263184 0.5105834007263184 0.5105834007263184 0.5105834007263184 0.5105834007263184 0.5105834007263184 0.5105834007263184 0.5105834007263184
0.4424818754196167 0.4424818754196167 0.4424818754196167 0.4424818754196167 0.4424818754196167 0.4424818754196167 0.4424818754196167 0.4424818754196167
0.5593949556350708 0.5593949556350708 0.5593949556350708 0.5593949556350708 0.5593949556350708 0.5593949556350708 0.5593949556350708 0.5593949556350708
0.4630427956581116 0.4630427956581116 0.4630427956581116 0.4630427956581116 0.4630427956581116 0.4630427956581116 0.4630427956581116 0.4630427956581116
0.5358217954635620 0.5358217954635620 0.5358217954635620 0.5358217954635620 0.5358217954635620 0.5358217954635620 0.5358217954635620 0.5358217954635620
0.4413655698299408 0.4413655698299408 0.4413655698299408 0.4413655698299408 0.4413655698299408 0.4413655698299408 0.4413655698299408 0.4413655698299408
0.4496836960315704 0.4496836960315704 0.4496836960315704 0.4496836960315704 0.4496836960315704 0.4496836960315704 0.4496836960315704 0.4496836960315704
0.5349884629249573 0.5349884629249573 0.5349884629249573 0.5349884629249573 0.5349884629249573 0.5349884629249573 0.5349884629249573 0.5349884629249573
0.5098366737365723 0.5098366737365723 0.5098366737365723 0.5098366737365723 0.5098366737365723 0.5098366737365723 0.5098366737365723 0.5098366737365723
0.5498998165130615 0.5498998165130615 0.5498998165130615 0.5498998165130615 0.5498998165130615 0.5498998165130615 0.5498998165130615 0.5498998165130615
0.5180472731590271 0.5180472731590271 0.5180472731590271 0.5180472731590271 0.5180472731590271 0.5180472731590271 0.5180472731590271 0.5180472731590271
0.4706369936466217 0.4706369936466217 0.4706369936466217 0.4706369936466217 0.4706369936466217 0.4706369936466217 0.4706369936466217 0.4706369936466217
0.5268885493278503 0.5268885493278503 0.5268885493278503 0.5268885493278503 0.5268885493278503 0.5268885493278503 0.5268885493278503 0.5268885493278503
0.4869539439678192 0.4869539439678192 0.4869539439678192 0.4869539439678192 0.4869539439678192 0.4869539439678192 0.4869539439678192 0.4869539439678192
0.5186421275138855 0.5186421275138855 0.5186421275138855 0.5186421275138855 0.5186421275138855 0.5186421275138855 0.5186421275138855 0.5186421275138855
0.4976883232593536 0.4976883232593536 0.4976883232593536 0.4976883232593536 0.4976883232593536 0.4976883232593536 0.4976883232593536 0.4976883232593536
0.5606601238250732 0.5606601238250732 0.5606601238250732 0.5606601238250732 0.5606601238250732 0.5606601238250732 0.5606601238250732 0.5606601238250732
0.5097950696945190 0.5097950696945190 0.5097950696945190 0.5097950696945190 0.5097950696945190 0.5097950696945190 0.5097950696945190 0.5097950696945190
0.5053163170814514 0.5053163170814514 0.5053163170814514 0.5053163170814514 0.5053163170814514 0.5053163170814514 0.5053163170814514 0.5053163170814514
0.5223973989486694 0.5223973989486694 0.5223973989486694 0.5223973989486694 0.5223973989486694 0.5223973989486694 0.5223973989486694 0.5223973989486694
0.4770974218845367 0.4770974218845367 0.4770974218845367 0.4770974218845367 0.4770974218845367 0.4770974218845367 0.4770974218845367 0.4770974218845367
0.4860424101352692 0.4860424101352692 0.4860424101352692 0.4860424101352692 0.4860424101352692 0.4860424101352692 0.4860424101352692 0.4860424101352692
0.5239571928977966 0.5239571928977966 0.5239571928977966 0.5239571928977966 0.5239571928977966 0.5239571928977966 0.5239571928977966 0.5239571928977966
0.5184264183044434 0.5184264183044434 0.5184264183044434 0.5184264183044434 0.5184264183044434 0.5184264183044434 0.5184264183044434 0.5184264183044434
0.5362990498542786 0.5362990498542786 0.5362990498542786 0.5362990498542786 0.5362990498542786 0.5362990498542786 0.5362990498542786 0.5362990498542786
0.4773200750350952 0.4773200750350952 0.4773200750350952 0.4773200750350952 0.4773200750350952 0.4773200750350952 0.4773200750350952 0.4773200750350952
0.4729940891265869 0.4729940891265869 0.4729940891265869 0.4729940891265869 0.4729940891265869 0.4729940891265869 0.4729940891265869 0.4729940891265869
0.5077239871025085 0.5077239871025085 0.5077239871025085 0.5077239871025085 0.5077239871025085 0.5077239871025085 0.5077239871025085 0.5077239871025085
0.5061230063438416 0.5061230063438416 0.5061230063438416 0.5061230063438416 0.5061230063438416 0.5061230063438416 0.5061230063438416 0.5061230063438416
0.5403770208358765 0.5403770208358765 0.5403770208358765 0.5403770208358765 0.5403770208358765 0.5403770208358765 0.5403770208358765 0.5403770208358765
0.5088957548141479 0.5088957548141479 0.5088957548141479 0.5088957548141479 0.5088957548141479 0.5088957548141479 0.5088957548141479 0.5088957548141479
0.4614781737327576 0.4614781737327576 0.4614781737327576 0.4614781737327576 0.4614781737327576 0.4614781737327576 0.4614781737327576 0.4614781737327576
0.5230311155319214 0.5230311155319214 0.5230311155319214 0.5230311155319214 0.5230311155319214 0.5230311155319214 0.5230311155319214 0.5230311155319214
0.4327473044395447 0.4327473044395447 0.4327473044395447 0.4327473044395447 0.4327473044395447 0.4327473044395447 0.4327473044395447 0.4327473044395447
0.5203183889389038 0.5203183889389038 0.5203183889389038 0.5203183889389038 0.5203183889389038 0.5203183889389038 0.5203183889389038 0.5203183889389038
0.5154148340225220 0.5154148340225220 0.5154148340225220 0.5154148340225220 0.5154148340225220 0.5154148340225220 0.5154148340225220 0.5154148340225220
0.5301524996757507 0.5301524996757507 0.5301524996757507 0.5301524996757507 0.5301524996757507 0.5301524996757507 0.5301524996757507 0.5301524996757507
0.4628046154975891 0.4628046154975891 0.4628046154975891 0.4628046154975891 0.4628046154975891 0.4628046154975891 0.4628046154975891 0.4628046154975891
0.2060236185789108 0.2060236185789108 0.2060236185789108 0.2060236185789108 0.2060236185789108 0.2060236185789108 0.2060236185789108 0.2060236185789108
0.1997866630554199 0.1997866630554199 0.1997866630554199 0.1997866630554199 0.1997866630554199 0.1997866630554199 0.1997866630554199 0.1997866630554199
0.1898452788591385 0.1898452788591385 0.1898452788591385 0.1898452788591385 0.1898452788591385 0.1898452788591385 0.1898452788591385 0.1898452788591385
0.2530929446220398 0.2530929446220398 0.2530929446220398 0.2530929446220398 0.2530929446220398 0.2530929446220398 0.2530929446220398 0.2530929446220398
0.2747150361537933 0.2747150361537933 0.2747150361537933 0.2747150361537933 0.2747150361537933 0.2747150361537933 0.2747150361537933 0.2747150361537933
0.2316248267889023 0.2316248267889023 0.2316248267889023 0.2316248267889023 0.2316248267889023 0.2316248267889023 0.2316248267889023 0.2316248267889023
0.2167970687150955 0.2167970687150955 0.2167970687150955 0.2167970687150955 0.2167970687150955 0.2167970687150955 0.2167970687150955 0.2167970687150955
0.2768684029579163 0.2768684029579163 0.2768684029579163 0.2768684029579163 0.2768684029579163 0.2768684029579163 0.2768684029579163 0.2768684029579163
0.1567790657281876 0.1567790657281876 0.1567790657281876 0.1567790657281876 0.1567790657281876 0.1567790657281876 0.1567790657281876 0.1567790657281876
0.1799266338348389 0.1799266338348389 0.1799266338348389 0.1799266338348389 0.1799266338348389 0.1799266338348389 0.1799266338348389 0.1799266338348389
0.2248236536979675 0.2248236536979675 0.2248236536979675 0.2248236536979675 0.2248236536979675 0.2248236536979675 0.2248236536979675 0.2248236536979675
0.2636831998825073 0.2636831998825073 0.2636831998825073 0.2636831998825073 0.2636831998825073 0.2636831998825073 0.2636831998825073 0.2636831998825073
0.1813768595457077 0.1813768595457077 0.1813768595457077 0.1813768595457077 0.1813768595457077 0.1813768595457077 0.1813768595457077 0.1813768595457077
0.1781173348426819 0.1781173348426819 0.1781173348426819 0.1781173348426819 0.1781173348426819 0.1781173348426819 0.1781173348426819 0.1781173348426819
0.2264096289873123 0.2264096289873123 0.2264096289873123 0.2264096289873123 0.2264096289873123 0.2264096289873123 0.2264096289873123 0.2264096289873123
0.2339354306459427 0.2339354306459427 0.2339354306459427 0.2339354306459427 0.2339354306459427 0.2339354306459427 0.2339354306459427 0.2339354306459427
0.2417257428169250 0.2417257428169250 0.2417257428169250 0.2417257428169250 0.2417257428169250 0.2417257428169250 0.2417257428169250 0.2417257428169250
0.2121332138776779 0.2121332138776779 0.2121332138776779 0.2121332138776779 0.2121332138776779 0.2121332138776779 0.2121332138776779 0.2121332138776779
0.2715086638927460 0.2715086638927460 0.2715086638927460 0.2715086638927460 0.2715086638927460 0.2715086638927460 0.2715086638927460 0.2715086638927460
0.1880799233913422 0.1880799233913422 0.1880799233913422 0.1880799233913422 0.1880799233913422 0.1880799233913422 0.1880799233913422 0.1880799233913422
0.1829150766134262 0.1829150766134262 0.1829150766134262 0.1829150766134262 0.1829150766134262 0.1829150766134262 0.1829150766134262 0.1829150766134262
0.1920816600322723 0.1920816600322723 0.1920816600322723 0.1920816600322723 0.1920816600322723 0.1920816600322723 0.1920816600322723 0.1920816600322723
0.1962135434150696 0.1962135434150696 0.1962135434150696 0.1962135434150696 0.1962135434150696 0.1962135434150696 0.1962135434150696 0.1962135434150696
0.2036122381687164 0.2036122381687164 0.2036122381687164 0.2036122381687164 0.2036122381687164 0.2036122381687164 0.2036122381687164 0.2036122381687164
0.2386441826820374 0.2386441826820374 0.2386441826820374 0.2386441826820374 0.2386441826820374 0.2386441826820374 0.2386441826820374 0.2386441826820374
0.2403884977102280 0.2403884977102280 0.2403884977102280 0.2403884977102280 0.2403884977102280 0.2403884977102280 0.2403884977102280 0.2403884977102280
0.2321196645498276 0.2321196645498276 0.2321196645498276 0.2321196645498276 0.2321196645498276 0.2321196645498276 0.2321196645498276 0.2321196645498276
0.2058431208133698 0.2058431208133698 0.2058431208133698 0.2058431208133698 0.2058431208133698 0.2058431208133698 0.2058431208133698 0.2058431208133698
0.2648205459117889 0.2648205459117889 0.2648205459117889 0.2648205459117889 0.2648205459117889 0.2648205459117889 0.2648205459117889 0.2648205459117889
0.2172291576862335 0.2172291576862335 0.2172291576862335 0.2172291576862335 0.2172291576862335 0.2172291576862335 0.2172291576862335 0.2172291576862335
0.1714124828577042 0.1714124828577042 0.1714124828577042 0.1714124828577042 0.1714124828577042 0.1714124828577042 0.1714124828577042 0.1714124828577042
0.1974828839302063 0.1974828839302063 0.1974828839302063 0.1974828839302063 0.1974828839302063 0.1974828839302063 0.1974828839302063 0.1974828839302063
0.2081489861011505 0.2081489861011505 0.2081489861011505 0.2081489861011505 0.2081489861011505 0.2081489861011505 0.2081489861011505 0.2081489861011505
0.2139280885457993 0.2139280885457993 0.2139280885457993 0.2139280885457993 0.2139280885457993 0.2139280885457993 0.2139280885457993 0.2139280885457993
0.2108778059482574 0.2108778059482574 0.2108778059482574 0.2108778059482574 0.2108778059482574 0.2108778059482574 0.2108778059482574 0.2108778059482574
0.1956159770488739 0.1956159770488739 0.1956159770488739 0.1956159770488739 0.1956159770488739 0.1956159770488739 0.1956159770488739 0.1956159770488739
0.2073732912540436 0.2073732912540436 0.2073732912540436 0.2073732912540436 0.2073732912540436 0.2073732912540436 0.2073732912540436 0.2073732912540436
0.2679725885391235 0.2679725885391235 0.2679725885391235 0.2679725885391235 0.2679725885391235 0.2679725885391235 0.2679725885391235 0.2679725885391235
0.1820614337921143 0.1820614337921143 0.1820614337921143 0.1820614337921143 0.1820614337921143 0.1820614337921143 0.1820614337921143 0.1820614337921143
0.2871795296669006 0.2871795296669006 0.2871795296669006 0.2871795296669006 0.2871795296669006 0.2871795296669006 0.2871795296669006 0.2871795296669006
0.2432193160057068 0.2432193160057068 0.2432193160057068 0.2432193160057068 0.2432193160057068 0.2432193160057068 0.2432193160057068 0.2432193160057068
0.2027079761028290 0.2027079761028290 0.2027079761028290 0.2027079761028290 0.2027079761028290 0.2027079761028290 0.2027079761028290 0.2027079761028290
0.2152080237865448 0.2152080237865448 0.2152080237865448 0.2152080237865448 0.2152080237865448 0.2152080237865448 0.2152080237865448 0.2152080237865448
0.2716828882694244 0.2716828882694244 0.2716828882694244 0.2716828882694244 0.2716828882694244 0.2716828882694244 0.2716828882694244 0.2716828882694244
0.5393628478050232 0.5393628478050232 0.5393628478050232 0.5393628478050232 0.5393628478050232 0.5393628478050232 0.5393628478050232 0.5393628478050232
0.5317333936691284 0.5317333936691284 0.5317333936691284 0.5317333936691284 0.5317333936691284 0.5317333936691284 0.5317333936691284 0.5317333936691284
0.6084977984428406 0.6084977984428406 0.6084977984428406 0.6084977984428406 0.6084977984428406 0.6084977984428406 0.6084977984428406 0.6084977984428406
0.5825670957565308 0.5825670957565308 0.5825670957565308 0.5825670957565308 0.5825670957565308 0.5825670957565308 0.5825670957565308 0.5825670957565308
0.5617871284484863 0.5617871284484863 0.5617871284484863 0.5617871284484863 0.5617871284484863 0.5617871284484863 0.5617871284484863 0.5617871284484863
0.5261363983154297 0.5261363983154297 0.5261363983154297 0.5261363983154297 0.5261363983154297 0.5261363983154297 0.5261363983154297 0.5261363983154297
0.5662869811058044 0.5662869811058044 0.5662869811058044 0.5662869811058044 0.5662869811058044 0.5662869811058044 0.5662869811058044 0.5662869811058044
0.5721070170402527 0.5721070170402527 0.5721070170402527 0.5721070170402527 0.5721070170402527 0.5721070170402527 0.5721070170402527 0.5721070170402527
0.6001403331756592 0.6001403331756592 0.6001403331756592 0.6001403331756592 0.6001403331756592 0.6001403331756592 0.6001403331756592 0.6001403331756592
0.5571008920669556 0.5571008920669556 0.5571008920669556 0.5571008920669556 0.5571008920669556 0.5571008920669556 0.5571008920669556 0.5571008920669556
0.5820076465606689 0.5820076465606689 0.5820076465606689 0.5820076465606689 0.5820076465606689 0.5820076465606689 0.5820076465606689 0.5820076465606689
0.5795262455940247 0.5795262455940247 0.5795262455940247 0.5795262455940247 0.5795262455940247 0.5795262455940247 0.5795262455940247 0.5795262455940247
0.5728769302368164 0.5728769302368164 0.5728769302368164 0.5728769302368164 0.5728769302368164 0.5728769302368164 0.5728769302368164 0.5728769302368164
0.5762516260147095 0.5762516260147095 0.5762516260147095 0.5762516260147095 0.5762516260147095 0.5762516260147095 0.5762516260147095 0.5762516260147095
0.5722509622573853 0.5722509622573853 0.5722509622573853 0.5722509622573853 0.5722509622573853 0.5722509622573853 0.5722509622573853 0.5722509622573853
0.6256169080734253 0.6256169080734253 0.6256169080734253 0.6256169080734253 0.6256169080734253 0.6256169080734253 0.6256169080734253 0.6256169080734253
0.5779930949211121 0.5779930949211121 0.5779930949211121 0.5779930949211121 0.5779930949211121 0.5779930949211121 0.5779930949211121 0.5779930949211121
0.5965658426284790 0.5965658426284790 0.5965658426284790 0.5965658426284790 0.5965658426284790 0.5965658426284790 0.5965658426284790 0.5965658426284790
0.5594978332519531 0.5594978332519531 0.5594978332519531 0.5594978332519531 0.5594978332519531 0.5594978332519531 0.5594978332519531 0.5594978332519531
0.5877633094787598 0.5877633094787598 0.5877633094787598 0.5877633094787598 0.5877633094787598 0.5877633094787598 0.5877633094787598 0.5877633094787598
0.5543147325515747 0.5543147325515747 0.5543147325515747 0.5543147325515747 0.5543147325515747 0.5543147325515747 0.5543147325515747 0.5543147325515747
0.5642452239990234 0.5642452239990234 0.5642452239990234 0.5642452239990234 0.5642452239990234 0.5642452239990234 0.5642452239990234 0.5642452239990234
0.5907068848609924 0.5907068848609924 0.5907068848609924 0.5907068848609924 0.5907068848609924 0.5907068848609924 0.5907068848609924 0.5907068848609924
0.5959418416023254 0.5959418416023254 0.5959418416023254 0.5959418416023254 0.5959418416023254 0.5959418416023254 0.5959418416023254 0.5959418416023254
0.5959852933883667 0.5959852933883667 0.5959852933883667 0.5959852933883667 0.5959852933883667 0.5959852933883667 0.5959852933883667 0.5959852933883667
0.6133421659469604 0.6133421659469604 0.6133421659469604 0.6133421659469604 0.6133421659469604 0.6133421659469604 0.6133421659469604 0.6133421659469604
0.5883190631866455 0.5883190631866455 0.5883190631866455 0.5883190631866455 0.5883190631866455 0.5883190631866455 0.5883190631866455 0.5883190631866455
0.5806493759155273 0.5806493759155273 0.5806493759155273 0.5806493759155273 0.5806493759155273 0.5806493759155273 0.5806493759155273 0.5806493759155273
0.5923428535461426 0.5923428535461426 0.5923428535461426 0.5923428535461426 0.5923428535461426 0.5923428535461426 0.5923428535461426 0.5923428535461426
0.5949870944023132 0.5949870944023132 0.5949870944023132 0.5949870944023132 0.5949870944023132 0.5949870944023132 0.5949870944023132 0.5949870944023132
0.5891769528388977 0.5891769528388977 0.5891769528388977 0.5891769528388977 0.5891769528388977 0.5891769528388977 0.5891769528388977 0.5891769528388977
0.5585832595825195 0.5585832595825195 0.5585832595825195 0.5585832595825195 0.5585832595825195 0.5585832595825195 0.5585832595825195 0.5585832595825195
0.6155284047126770 0.6155284047126770 0.6155284047126770 0.6155284047126770 0.6155284047126770 0.6155284047126770 0.6155284047126770 0.6155284047126770
0.5159127712249756 0.5159127712249756 0.5159127712249756 0.5159127712249756 0.5159127712249756 0.5159127712249756 0.5159127712249756 0.5159127712249756
0.5802695751190186 0.5802695751190186 0.5802695751190186 0.5802695751190186 0.5802695751190186 0.5802695751190186 0.5802695751190186 0.5802695751190186
0.5845744013786316 0.5845744013786316 0.5845744013786316 0.5845744013786316 0.5845744013786316 0.5845744013786316 0.5845744013786316 0.5845744013786316
0.5595172047615051 0.5595172047615051 0.5595172047615051 0.5595172047615051 0.5595172047615051 0.5595172047615051 0.5595172047615051 0.5595172047615051
0.6128422617912292 0.6128422617912292 0.6128422617912292 0.6128422617912292 0.6128422617912292 0.6128422617912292 0.6128422617912292 0.6128422617912292
0.5752036571502686 0.5752036571502686 0.5752036571502686 0.5752036571502686 0.5752036571502686 0.5752036571502686 0.5752036571502686 0.5752036571502686
0.6170548796653748 0.6170548796653748 0.6170548796653748 0.6170548796653748 0.6170548796653748 0.6170548796653748 0.6170548796653748 0.6170548796653748
0.5915449857711792 0.5915449857711792 0.5915449857711792 0.5915449857711792 0.5915449857711792 0.5915449857711792 0.5915449857711792 0.5915449857711792
0.5896493196487427 0.5896493196487427 0.5896493196487427 0.5896493196487427 0.5896493196487427 0.5896493196487427 0.5896493196487427 0.5896493196487427
0.6090515851974487 0.6090515851974487 0.6090515851974487 0.6090515851974487 0.6090515851974487 0.6090515851974487 0.6090515851974487 0.6090515851974487
0.5824200510978699 0.5824200510978699 0.5824200510978699 0.5824200510978699 0.5824200510978699 0.5824200510978699 0.5824200510978699 0.5824200510978699
0.6486051678657532 0.6486051678657532 0.6486051678657532 0.6486051678657532 0.6486051678657532 0.6486051678657532 0.6486051678657532 0.6486051678657532
0.6707733869552612 0.6707733869552612 0.6707733869552612 0.6707733869552612 0.6707733869552612 0.6707733869552612 0.6707733869552612 0.6707733869552612
0.6658645272254944 0.6658645272254944 0.6658645272254944 0.6658645272254944 0.6658645272254944 0.6658645272254944 0.6658645272254944 0.6658645272254944
0.7209407091140747 0.7209407091140747 0.7209407091140747 0.7209407091140747 0.7209407091140747 0.7209407091140747 0.7209407091140747 0.7209407091140747
0.6949542164802551 0.6949542164802551 0.6949542164802551 0.6949542164802551 0.6949542164802551 0.6949542164802551 0.6949542164802551 0.6949542164802551
0.6700651049613953 0.6700651049613953 0.6700651049613953 0.6700651049613953 0.6700651049613953 0.6700651049613953 0.6700651049613953 0.6700651049613953
0.6684839725494385 0.6684839725494385 0.6684839725494385 0.6684839725494385 0.6684839725494385 0.6684839725494385 0.6684839725494385 0.6684839725494385
0.6904113292694092 0.6904113292694092 0.6904113292694092 0.6904113292694092 0.6904113292694092 0.6904113292694092 0.6904113292694092 0.6904113292694092
0.6933430433273315 0.6933430433273315 0.6933430433273315 0.6933430433273315 0.6933430433273315 0.6933430433273315 0.6933430433273315 0.6933430433273315
0.6567434668540955 0.6567434668540955 0.6567434668540955 0.6567434668540955 0.6567434668540955 0.6567434668540955 0.6567434668540955 0.6567434668540955
0.7020525336265564 0.7020525336265564 0.7020525336265564 0.7020525336265564 0.7020525336265564 0.7020525336265564 0.7020525336265564 0.7020525336265564
0.7429224848747253 0.7429224848747253 0.7429224848747253 0.7429224848747253 0.7429224848747253 0.7429224848747253 0.7429224848747253 0.7429224848747253
0.6370676159858704 0.6370676159858704 0.6370676159858704 0.6370676159858704 0.6370676159858704 0.6370676159858704 0.6370676159858704 0.6370676159858704
0.6048887968063354 0.6048887968063354 0.6048887968063354 0.6048887968063354 0.6048887968063354 0.6048887968063354 0.6048887968063354 0.6048887968063354
0.7114745378494263 0.7114745378494263 0.7114745378494263 0.7114745378494263 0.7114745378494263 0.7114745378494263 0.7114745378494263 0.7114745378494263
0.6957092285156250 0.6957092285156250 0.6957092285156250 0.6957092285156250 0.6957092285156250 0.6957092285156250 0.6957092285156250 0.6957092285156250
0.6350114345550537 0.6350114345550537 0.6350114345550537 0.6350114345550537 0.6350114345550537 0.6350114345550537 0.6350114345550537 0.6350114345550537
0.7163168191909790 0.7163168191909790 0.7163168191909790 0.7163168191909790 0.7163168191909790 0.7163168191909790 0.7163168191909790 0.7163168191909790
0.6739349365234375 0.6739349365234375 0.6739349365234375 0.6739349365234375 0.6739349365234375 0.6739349365234375 0.6739349365234375 0.6739349365234375
0.6915697455406189 0.6915697455406189 0.6915697455406189 0.6915697455406189 0.6915697455406189 0.6915697455406189 0.6915697455406189 0.6915697455406189
0.6689512133598328 0.6689512133598328 0.6689512133598328 0.6689512133598328 0.6689512133598328 0.6689512133598328 0.6689512133598328 0.6689512133598328
0.6709176301956177 0.6709176301956177 0.6709176301956177 0.6709176301956177 0.6709176301956177 0.6709176301956177 0.6709176301956177 0.6709176301956177
0.6945491433143616 0.6945491433143616 0.6945491433143616 0.6945491433143616 0.6945491433143616 0.6945491433143616 0.6945491433143616 0.6945491433143616
0.6243655681610107 0.6243655681610107 0.6243655681610107 0.6243655681610107 0.6243655681610107 0.6243655681610107 0.6243655681610107 0.6243655681610107
0.6929215788841248 0.6929215788841248 0.6929215788841248 0.6929215788841248 0.6929215788841248 0.6929215788841248 0.6929215788841248 0.6929215788841248
0.6686510443687439 0.6686510443687439 0.6686510443687439 0.6686510443687439 0.6686510443687439 0.6686510443687439 0.6686510443687439 0.6686510443687439
0.6804192066192627 0.6804192066192627 0.6804192066192627 0.6804192066192627 0.6804192066192627 0.6804192066192627 0.6804192066192627 0.6804192066192627
0.6772197484970093 0.6772197484970093 0.6772197484970093 0.6772197484970093 0.6772197484970093 0.6772197484970093 0.6772197484970093 0.6772197484970093
0.6748957633972168 0.6748957633972168 0.6748957633972168 0.6748957633972168 0.6748957633972168 0.6748957633972168 0.6748957633972168 0.6748957633972168
0.6533780097961426 0.6533780097961426 0.6533780097961426 0.6533780097961426 0.6533780097961426 0.6533780097961426 0.6533780097961426 0.6533780097961426
0.6831235289573669 0.6831235289573669 0.6831235289573669 0.6831235289573669 0.6831235289573669 0.6831235289573669 0.6831235289573669 0.6831235289573669
0.6354986429214478 0.6354986429214478 0.6354986429214478 0.6354986429214478 0.6354986429214478 0.6354986429214478 0.6354986429214478 0.6354986429214478
0.6656038761138916 0.6656038761138916 0.6656038761138916 0.6656038761138916 0.6656038761138916 0.6656038761138916 0.6656038761138916 0.6656038761138916
0.6485615372657776 0.6485615372657776 0.6485615372657776 0.6485615372657776 0.6485615372657776 0.6485615372657776 0.6485615372657776 0.6485615372657776
0.6669352650642395 0.6669352650642395 0.6669352650642395 0.6669352650642395 0.6669352650642395 0.6669352650642395 0.6669352650642395 0.6669352650642395
0.6948940157890320 0.6948940157890320 0.6948940157890320 0.6948940157890320 0.6948940157890320 0.6948940157890320 0.6948940157890320 0.6948940157890320
0.6697189211845398 0.6697189211845398 0.6697189211845398 0.6697189211845398 0.6697189211845398 0.6697189211845398 0.6697189211845398 0.6697189211845398
0.7382428646087646 0.7382428646087646 0.7382428646087646 0.7382428646087646 0.7382428646087646 0.7382428646087646 0.7382428646087646 0.7382428646087646
0.6920660138130188 0.6920660138130188 0.6920660138130188 0.6920660138130188 0.6920660138130188 0.6920660138130188 0.6920660138130188 0.6920660138130188
0.6382787823677063 0.6382787823677063 0.6382787823677063 0.6382787823677063 0.6382787823677063 0.6382787823677063 0.6382787823677063 0.6382787823677063
0.7345503568649292 0.7345503568649292 0.7345503568649292 0.7345503568649292 0.7345503568649292 0.7345503568649292 0.7345503568649292 0.7345503568649292
0.6631886959075928 0.6631886959075928 0.6631886959075928 0.6631886959075928 0.6631886959075928 0.6631886959075928 0.6631886959075928 0.6631886959075928
0.7182846069335938 0.7182846069335938 0.7182846069335938 0.7182846069335938 0.7182846069335938 0.7182846069335938 0.7182846069335938 0.7182846069335938
0.7553400397300720 0.7553400397300720 0.7553400397300720 0.7553400397300720 0.7553400397300720 0.7553400397300720 0.7553400397300720 0.7553400397300720
1.1022747755050659 1.1022747755050659 1.1022747755050659 1.1022747755050659 1.1022747755050659 1.1022747755050659 1.1022747755050659 1.1022747755050659
1.0758292675018311 1.0758292675018311 1.0758292675018311 1.0758292675018311 1.0758292675018311 1.0758292675018311 1.0758292675018311 1.0758292675018311
1.0840915441513062 1.0840915441513062 1.0840915441513062 1.0840915441513062 1.0840915441513062 1.0840915441513062 1.0840915441513062 1.0840915441513062
1.1164703369140625 1.1164703369140625 1.1164703369140625 1.1164703369140625 1.1164703369140625 1.1164703369140625 1.1164703369140625 1.1164703369140625
0.9922059178352356 0.9922059178352356 0.9922059178352356 0.9922059178352356 0.9922059178352356 0.9922059178352356 0.9922059178352356 0.9922059178352356
1.1443612575531006 1.1443612575531006 1.1443612575531006 1.1443612575531006 1.1443612575531006 1.1443612575531006 1.1443612575531006 1.1443612575531006
1.1134517192840576 1.1134517192840576 1.1134517192840576 1.1134517192840576 1.1134517192840576 1.1134517192840576 1.1134517192840576 1.1134517192840576
1.0549516677856445 1.0549516677856445 1.0549516677856445 1.0549516677856445 1.0549516677856445 1.0549516677856445 1.0549516677856445 1.0549516677856445
1.0508471727371216 1.0508471727371216 1.0508471727371216 1.0508471727371216 1.0508471727371216 1.0508471727371216 1.0508471727371216 1.0508471727371216
1.0337438583374023 1.0337438583374023 1.0337438583374023 1.0337438583374023 1.0337438583374023 1.0337438583374023 1.0337438583374023 1.0337438583374023
1.1033167839050293 1.1033167839050293 1.1033167839050293 1.1033167839050293 1.1033167839050293 1.1033167839050293 1.1033167839050293 1.1033167839050293
1.0193428993225098 1.0193428993225098 1.0193428993225098 1.0193428993225098 1.0193428993225098 1.0193428993225098 1.0193428993225098 1.0193428993225098
1.0267368555068970 1.0267368555068970 1.0267368555068970 1.0267368555068970 1.0267368555068970 1.0267368555068970 1.0267368555068970 1.0267368555068970
1.1136387586593628 1.1136387586593628 1.1136387586593628 1.1136387586593628 1.1136387586593628 1.1136387586593628 1.1136387586593628 1.1136387586593628
1.0861207246780396 1.0861207246780396 1.0861207246780396 1.0861207246780396 1.0861207246780396 1.0861207246780396 1.0861207246780396 1.0861207246780396
1.0542724132537842 1.0542724132537842 1.0542724132537842 1.0542724132537842 1.0542724132537842 1.0542724132537842 1.0542724132537842 1.0542724132537842
1.0752131938934326 1.0752131938934326 1.0752131938934326 1.0752131938934326 1.0752131938934326 1.0752131938934326 1.0752131938934326 1.0752131938934326
1.0307812690734863 1.0307812690734863 1.0307812690734863 1.0307812690734863 1.0307812690734863 1.0307812690734863 1.0307812690734863 1.0307812690734863
1.1052068471908569 1.1052068471908569 1.1052068471908569 1.1052068471908569 1.1052068471908569 1.1052068471908569 1.1052068471908569 1.1052068471908569
1.0875860452651978 1.0875860452651978 1.0875860452651978 1.0875860452651978 1.0875860452651978 1.0875860452651978 1.0875860452651978 1.0875860452651978
1.0335502624511719 1.0335502624511719 1.0335502624511719 1.0335502624511719 1.0335502624511719 1.0335502624511719 1.0335502624511719 1.0335502624511719
1.0597643852233887 1.0597643852233887 1.0597643852233887 1.0597643852233887 1.0597643852233887 1.0597643852233887 1.0597643852233887 1.0597643852233887
1.1156271696090698 1.1156271696090698 1.1156271696090698 1.1156271696090698 1.1156271696090698 1.1156271696090698 1.1156271696090698 1.1156271696090698
1.0716297626495361 1.0716297626495361 1.0716297626495361 1.0716297626495361 1.0716297626495361 1.0716297626495361 1.0716297626495361 1.0716297626495361
1.0152471065521240 1.0152471065521240 1.0152471065521240 1.0152471065521240 1.0152471065521240 1.0152471065521240 1.0152471065521240 1.0152471065521240
1.0839093923568726 1.0839093923568726 1.0839093923568726 1.0839093923568726 1.0839093923568726 1.0839093923568726 1.0839093923568726 1.0839093923568726
1.0731812715530396 1.0731812715530396 1.0731812715530396 1.0731812715530396 1.0731812715530396 1.0731812715530396 1.0731812715530396 1.0731812715530396
1.0751527547836304 1.0751527547836304 1.0751527547836304 1.0751527547836304 1.0751527547836304 1.0751527547836304 1.0751527547836304 1.0751527547836304
1.1281387805938721 1.1281387805938721 1.1281387805938721 1.1281387805938721 1.1281387805938721 1.1281387805938721 1.1281387805938721 1.1281387805938721
1.0510847568511963 1.0510847568511963 1.0510847568511963 1.0510847568511963 1.0510847568511963 1.0510847568511963 1.0510847568511963 1.0510847568511963
1.0783727169036865 1.0783727169036865 1.0783727169036865 1.0783727169036865 1.0783727169036865 1.0783727169036865 1.0783727169036865 1.0783727169036865
1.0393748283386230 1.0393748283386230 1.0393748283386230 1.0393748283386230 1.0393748283386230 1.0393748283386230 1.0393748283386230 1.0393748283386230
1.0372774600982666 1.0372774600982666 1.0372774600982666 1.0372774600982666 1.0372774600982666 1.0372774600982666 1.0372774600982666 1.0372774600982666
1.0471982955932617 1.0471982955932617 1.0471982955932617 1.0471982955932617 1.0471982955932617 1.0471982955932617 1.0471982955932617 1.0471982955932617
1.0253919363021851 1.0253919363021851 1.0253919363021851 1.0253919363021851 1.0253919363021851 1.0253919363021851 1.0253919363021851 1.0253919363021851
1.1207591295242310 1.1207591295242310 1.1207591295242310 1.1207591295242310 1.1207591295242310 1.1207591295242310 1.1207591295242310 1.1207591295242310
1.0702908039093018 1.0702908039093018 1.0702908039093018 1.0702908039093018 1.0702908039093018 1.0702908039093018 1.0702908039093018 1.0702908039093018
0.9613118767738342 0.9613118767738342 0.9613118767738342 0.9613118767738342 0.9613118767738342 0.9613118767738342 0.9613118767738342 0.9613118767738342
1.0778864622116089 1.0778864622116089 1.0778864622116089 1.0778864622116089 1.0778864622116089 1.0778864622116089 1.0778864622116089 1.0778864622116089
0.9963765144348145 0.9963765144348145 0.9963765144348145 0.9963765144348145 0.9963765144348145 0.9963765144348145 0.9963765144348145 0.9963765144348145
1.0720210075378418 1.0720210075378418 1.0720210075378418 1.0720210075378418 1.0720210075378418 1.0720210075378418 1.0720210075378418 1.0720210075378418
1.0529316663742065 1.0529316663742065 1.0529316663742065 1.0529316663742065 1.0529316663742065 1.0529316663742065 1.0529316663742065 1.0529316663742065
1.1196902990341187 1.1196902990341187 1.1196902990341187 1.1196902990341187 1.1196902990341187 1.1196902990341187 1.1196902990341187 1.1196902990341187
0.9915334582328796 0.9915334582328796 0.9915334582328796 0.9915334582328796 0.9915334582328796 0.9915334582328796 0.9915334582328796 0.9915334582328796
