6
46 44
1.0559891462326050 1.0559891462326050 1.0559891462326050 1.0559891462326050 1.0559891462326050 1.0559891462326050 1.0559891462326050 1.0559891462326050
1.0900713205337524 1.0900713205337524 1.0900713205337524 1.0900713205337524 1.0900713205337524 1.0900713205337524 1.0900713205337524 1.0900713205337524
1.1030575037002563 1.1030575037002563 1.1030575037002563 1.1030575037002563 1.1030575037002563 1.1030575037002563 1.1030575037002563 1.1030575037002563
1.0891520977020264 1.0891520977020264 1.0891520977020264 1.0891520977020264 1.0891520977020264 1.0891520977020264 1.0891520977020264 1.0891520977020264
1.0117380619049072 1.0117380619049072 1.0117380619049072 1.0117380619049072 1.0117380619049072 1.0117380619049072 1.0117380619049072 1.0117380619049072
1.0662704706192017 1.0662704706192017 1.0662704706192017 1.0662704706192017 1.0662704706192017 1.0662704706192017 1.0662704706192017 1.0662704706192017
1.0397387742996216 1.0397387742996216 1.0397387742996216 1.0397387742996216 1.0397387742996216 1.0397387742996216 1.0397387742996216 1.0397387742996216
1.0254431962966919 1.0254431962966919 1.0254431962966919 1.0254431962966919 1.0254431962966919 1.0254431962966919 1.0254431962966919 1.0254431962966919
1.1068215370178223 1.1068215370178223 1.1068215370178223 1.1068215370178223 1.1068215370178223 1.1068215370178223 1.1068215370178223 1.1068215370178223
1.1191259622573853 1.1191259622573853 1.1191259622573853 1.1191259622573853 1.1191259622573853 1.1191259622573853 1.1191259622573853 1.1191259622573853
1.1137872934341431 1.1137872934341431 1.1137872934341431 1.1137872934341431 1.1137872934341431 1.1137872934341431 1.1137872934341431 1.1137872934341431
1.0218654870986938 1.0218654870986938 1.0218654870986938 1.0218654870986938 1.0218654870986938 1.0218654870986938 1.0218654870986938 1.0218654870986938
1.0809247493743896 1.0809247493743896 1.0809247493743896 1.0809247493743896 1.0809247493743896 1.0809247493743896 1.0809247493743896 1.0809247493743896
1.1028609275817871 1.1028609275817871 1.1028609275817871 1.1028609275817871 1.1028609275817871 1.1028609275817871 1.1028609275817871 1.1028609275817871
1.0107290744781494 1.0107290744781494 1.0107290744781494 1.0107290744781494 1.0107290744781494 1.0107290744781494 1.0107290744781494 1.0107290744781494
1.0901267528533936 1.0901267528533936 1.0901267528533936 1.0901267528533936 1.0901267528533936 1.0901267528533936 1.0901267528533936 1.0901267528533936
1.0623340606689453 1.0623340606689453 1.0623340606689453 1.0623340606689453 1.0623340606689453 1.0623340606689453 1.0623340606689453 1.0623340606689453
1.0433052778244019 1.0433052778244019 1.0433052778244019 1.0433052778244019 1.0433052778244019 1.0433052778244019 1.0433052778244019 1.0433052778244019
1.0810600519180298 1.0810600519180298 1.0810600519180298 1.0810600519180298 1.0810600519180298 1.0810600519180298 1.0810600519180298 1.0810600519180298
1.0457527637481689 1.0457527637481689 1.0457527637481689 1.0457527637481689 1.0457527637481689 1.0457527637481689 1.0457527637481689 1.0457527637481689
1.0931695699691772 1.0931695699691772 1.0931695699691772 1.0931695699691772 1.0931695699691772 1.0931695699691772 1.0931695699691772 1.0931695699691772
1.0855889320373535 1.0855889320373535 1.0855889320373535 1.0855889320373535 1.0855889320373535 1.0855889320373535 1.0855889320373535 1.0855889320373535
1.0533573627471924 1.0533573627471924 1.0533573627471924 1.0533573627471924 1.0533573627471924 1.0533573627471924 1.0533573627471924 1.0533573627471924
1.0848050117492676 1.0848050117492676 1.0848050117492676 1.0848050117492676 1.0848050117492676 1.0848050117492676 1.0848050117492676 1.0848050117492676
1.0272816419601440 1.0272816419601440 1.0272816419601440 1.0272816419601440 1.0272816419601440 1.0272816419601440 1.0272816419601440 1.0272816419601440
1.0752431154251099 1.0752431154251099 1.0752431154251099 1.0752431154251099 1.0752431154251099 1.0752431154251099 1.0752431154251099 1.0752431154251099
1.0563985109329224 1.0563985109329224 1.0563985109329224 1.0563985109329224 1.0563985109329224 1.0563985109329224 1.0563985109329224 1.0563985109329224
1.0830076932907104 1.0830076932907104 1.0830076932907104 1.0830076932907104 1.0830076932907104 1.0830076932907104 1.0830076932907104 1.0830076932907104
1.1016850471496582 1.1016850471496582 1.1016850471496582 1.1016850471496582 1.1016850471496582 1.1016850471496582 1.1016850471496582 1.1016850471496582
1.0771563053131104 1.0771563053131104 1.0771563053131104 1.0771563053131104 1.0771563053131104 1.0771563053131104 1.0771563053131104 1.0771563053131104
1.1127265691757202 1.1127265691757202 1.1127265691757202 1.1127265691757202 1.1127265691757202 1.1127265691757202 1.1127265691757202 1.1127265691757202
1.0901538133621216 1.0901538133621216 1.0901538133621216 1.0901538133621216 1.0901538133621216 1.0901538133621216 1.0901538133621216 1.0901538133621216
1.0933567285537720 1.0933567285537720 1.0933567285537720 1.0933567285537720 1.0933567285537720 1.0933567285537720 1.0933567285537720 1.0933567285537720
1.0275435447692871 1.0275435447692871 1.0275435447692871 1.0275435447692871 1.0275435447692871 1.0275435447692871 1.0275435447692871 1.0275435447692871
1.0864945650100708 1.0864945650100708 1.0864945650100708 1.0864945650100708 1.0864945650100708 1.0864945650100708 1.0864945650100708 1.0864945650100708
1.1286677122116089 1.1286677122116089 1.1286677122116089 1.1286677122116089 1.1286677122116089 1.1286677122116089 1.1286677122116089 1.1286677122116089
1.0426312685012817 1.0426312685012817 1.0426312685012817 1.0426312685012817 1.0426312685012817 1.0426312685012817 1.0426312685012817 1.0426312685012817
0.9976925253868103 0.9976925253868103 0.9976925253868103 0.9976925253868103 0.9976925253868103 0.9976925253868103 0.9976925253868103 0.9976925253868103
1.0335597991943359 1.0335597991943359 1.0335597991943359 1.0335597991943359 1.0335597991943359 1.0335597991943359 1.0335597991943359 1.0335597991943359
1.0700402259826660 1.0700402259826660 1.0700402259826660 1.0700402259826660 1.0700402259826660 1.0700402259826660 1.0700402259826660 1.0700402259826660
1.0691610574722290 1.0691610574722290 1.0691610574722290 1.0691610574722290 1.0691610574722290 1.0691610574722290 1.0691610574722290 1.0691610574722290
1.0987449884414673 1.0987449884414673 1.0987449884414673 1.0987449884414673 1.0987449884414673 1.0987449884414673 1.0987449884414673 1.0987449884414673
1.0360260009765625 1.0360260009765625 1.0360260009765625 1.0360260009765625 1.0360260009765625 1.0360260009765625 1.0360260009765625 1.0360260009765625
1.0243407487869263 1.0243407487869263 1.0243407487869263 1.0243407487869263 1.0243407487869263 1.0243407487869263 1.0243407487869263 1.0243407487869263
0.7158431410789490 0.7158431410789490 0.7158431410789490 0.7158431410789490 0.7158431410789490 0.7158431410789490 0.7158431410789490 0.7158431410789490
0.7742748260498047 0.7742748260498047 0.7742748260498047 0.7742748260498047 0.7742748260498047 0.7742748260498047 0.7742748260498047 0.7742748260498047
0.7699218988418579 0.7699218988418579 0.7699218988418579 0.7699218988418579 0.7699218988418579 0.7699218988418579 0.7699218988418579 0.7699218988418579
0.7627795338630676 0.7627795338630676 0.7627795338630676 0.7627795338630676 0.7627795338630676 0.7627795338630676 0.7627795338630676 0.7627795338630676
0.7593076825141907 0.7593076825141907 0.7593076825141907 0.7593076825141907 0.7593076825141907 0.7593076825141907 0.7593076825141907 0.7593076825141907
0.7274257540702820 0.7274257540702820 0.7274257540702820 0.7274257540702820 0.7274257540702820 0.7274257540702820 0.7274257540702820 0.7274257540702820
0.7413480877876282 0.7413480877876282 0.7413480877876282 0.7413480877876282 0.7413480877876282 0.7413480877876282 0.7413480877876282 0.7413480877876282
0.7695504426956177 0.7695504426956177 0.7695504426956177 0.7695504426956177 0.7695504426956177 0.7695504426956177 0.7695504426956177 0.7695504426956177
0.8123621940612793 0.8123621940612793 0.8123621940612793 0.8123621940612793 0.8123621940612793 0.8123621940612793 0.8123621940612793 0.8123621940612793
0.7880511879920959 0.7880511879920959 0.7880511879920959 0.7880511879920959 0.7880511879920959 0.7880511879920959 0.7880511879920959 0.7880511879920959
0.7633271813392639 0.7633271813392639 0.7633271813392639 0.7633271813392639 0.7633271813392639 0.7633271813392639 0.7633271813392639 0.7633271813392639
0.7733134627342224 0.7733134627342224 0.7733134627342224 0.7733134627342224 0.7733134627342224 0.7733134627342224 0.7733134627342224 0.7733134627342224
0.7956245541572571 0.7956245541572571 0.7956245541572571 0.7956245541572571 0.7956245541572571 0.7956245541572571 0.7956245541572571 0.7956245541572571
0.8000038862228394 0.8000038862228394 0.8000038862228394 0.8000038862228394 0.8000038862228394 0.8000038862228394 0.8000038862228394 0.8000038862228394
0.7902976870536804 0.7902976870536804 0.7902976870536804 0.7902976870536804 0.7902976870536804 0.7902976870536804 0.7902976870536804 0.7902976870536804
0.8079102039337158 0.8079102039337158 0.8079102039337158 0.8079102039337158 0.8079102039337158 0.8079102039337158 0.8079102039337158 0.8079102039337158
0.8136976957321167 0.8136976957321167 0.8136976957321167 0.8136976957321167 0.8136976957321167 0.8136976957321167 0.8136976957321167 0.8136976957321167
0.7823427915573120 0.7823427915573120 0.7823427915573120 0.7823427915573120 0.7823427915573120 0.7823427915573120 0.7823427915573120 0.7823427915573120
0.7394858002662659 0.7394858002662659 0.7394858002662659 0.7394858002662659 0.7394858002662659 0.7394858002662659 0.7394858002662659 0.7394858002662659
0.7768582105636597 0.7768582105636597 0.7768582105636597 0.7768582105636597 0.7768582105636597 0.7768582105636597 0.7768582105636597 0.7768582105636597
0.7877170443534851 0.7877170443534851 0.7877170443534851 0.7877170443534851 0.7877170443534851 0.7877170443534851 0.7877170443534851 0.7877170443534851
0.7700738906860352 0.7700738906860352 0.7700738906860352 0.7700738906860352 0.7700738906860352 0.7700738906860352 0.7700738906860352 0.7700738906860352
0.7463529706001282 0.7463529706001282 0.7463529706001282 0.7463529706001282 0.7463529706001282 0.7463529706001282 0.7463529706001282 0.7463529706001282
0.7980212569236755 0.7980212569236755 0.7980212569236755 0.7980212569236755 0.7980212569236755 0.7980212569236755 0.7980212569236755 0.7980212569236755
0.7486014962196350 0.7486014962196350 0.7486014962196350 0.7486014962196350 0.7486014962196350 0.7486014962196350 0.7486014962196350 0.7486014962196350
0.7303985357284546 0.7303985357284546 0.7303985357284546 0.7303985357284546 0.7303985357284546 0.7303985357284546 0.7303985357284546 0.7303985357284546
0.7725290656089783 0.7725290656089783 0.7725290656089783 0.7725290656089783 0.7725290656089783 0.7725290656089783 0.7725290656089783 0.7725290656089783
0.7705605626106262 0.7705605626106262 0.7705605626106262 0.7705605626106262 0.7705605626106262 0.7705605626106262 0.7705605626106262 0.7705605626106262
0.7684422731399536 0.7684422731399536 0.7684422731399536 0.7684422731399536 0.7684422731399536 0.7684422731399536 0.7684422731399536 0.7684422731399536
0.7547693252563477 0.7547693252563477 0.7547693252563477 0.7547693252563477 0.7547693252563477 0.7547693252563477 0.7547693252563477 0.7547693252563477
0.8292169570922852 0.8292169570922852 0.8292169570922852 0.8292169570922852 0.8292169570922852 0.8292169570922852 0.8292169570922852 0.8292169570922852
0.8055127859115601 0.8055127859115601 0.8055127859115601 0.8055127859115601 0.8055127859115601 0.8055127859115601 0.8055127859115601 0.8055127859115601
0.7406089305877686 0.7406089305877686 0.7406089305877686 0.7406089305877686 0.7406089305877686 0.7406089305877686 0.7406089305877686 0.7406089305877686
0.7553132772445679 0.7553132772445679 0.7553132772445679 0.7553132772445679 0.7553132772445679 0.7553132772445679 0.7553132772445679 0.7553132772445679
0.7866117954254150 0.7866117954254150 0.7866117954254150 0.7866117954254150 0.7866117954254150 0.7866117954254150 0.7866117954254150 0.7866117954254150
0.8140280842781067 0.8140280842781067 0.8140280842781067 0.8140280842781067 0.8140280842781067 0.8140280842781067 0.8140280842781067 0.8140280842781067
0.7876353263854980 0.7876353263854980 0.7876353263854980 0.7876353263854980 0.7876353263854980 0.7876353263854980 0.7876353263854980 0.7876353263854980
0.7395336627960205 0.7395336627960205 0.7395336627960205 0.7395336627960205 0.7395336627960205 0.7395336627960205 0.7395336627960205 0.7395336627960205
0.7782136797904968 0.7782136797904968 0.7782136797904968 0.7782136797904968 0.7782136797904968 0.7782136797904968 0.7782136797904968 0.7782136797904968
0.7586972713470459 0.7586972713470459 0.7586972713470459 0.7586972713470459 0.7586972713470459 0.7586972713470459 0.7586972713470459 0.7586972713470459
0.7642636299133301 0.7642636299133301 0.7642636299133301 0.7642636299133301 0.7642636299133301 0.7642636299133301 0.7642636299133301 0.7642636299133301
0.7718189358711243 0.7718189358711243 0.7718189358711243 0.7718189358711243 0.7718189358711243 0.7718189358711243 0.7718189358711243 0.7718189358711243
0.7987829446792603 0.7987829446792603 0.7987829446792603 0.7987829446792603 0.7987829446792603 0.7987829446792603 0.7987829446792603 0.7987829446792603
0.7675386071205139 0.7675386071205139 0.7675386071205139 0.7675386071205139 0.7675386071205139 0.7675386071205139 0.7675386071205139 0.7675386071205139
0.8755242824554443 0.8755242824554443 0.8755242824554443 0.8755242824554443 0.8755242824554443 0.8755242824554443 0.8755242824554443 0.8755242824554443
0.8295174837112427 0.8295174837112427 0.8295174837112427 0.8295174837112427 0.8295174837112427 0.8295174837112427 0.8295174837112427 0.8295174837112427
0.8374402523040771 0.8374402523040771 0.8374402523040771 0.8374402523040771 0.8374402523040771 0.8374402523040771 0.8374402523040771 0.8374402523040771
0.8494535088539124 0.8494535088539124 0.8494535088539124 0.8494535088539124 0.8494535088539124 0.8494535088539124 0.8494535088539124 0.8494535088539124
0.8617818951606750 0.8617818951606750 0.8617818951606750 0.8617818951606750 0.8617818951606750 0.8617818951606750 0.8617818951606750 0.8617818951606750
0.8353078961372375 0.8353078961372375 0.8353078961372375 0.8353078961372375 0.8353078961372375 0.8353078961372375 0.8353078961372375 0.8353078961372375
0.8097376227378845 0.8097376227378845 0.8097376227378845 0.8097376227378845 0.8097376227378845 0.8097376227378845 0.8097376227378845 0.8097376227378845
0.8671795129776001 0.8671795129776001 0.8671795129776001 0.8671795129776001 0.8671795129776001 0.8671795129776001 0.8671795129776001 0.8671795129776001
0.8659631609916687 0.8659631609916687 0.8659631609916687 0.8659631609916687 0.8659631609916687 0.8659631609916687 0.8659631609916687 0.8659631609916687
0.8794036507606506 0.8794036507606506 0.8794036507606506 0.8794036507606506 0.8794036507606506 0.8794036507606506 0.8794036507606506 0.8794036507606506
0.8302552103996277 0.8302552103996277 0.8302552103996277 0.8302552103996277 0.8302552103996277 0.8302552103996277 0.8302552103996277 0.8302552103996277
0.8366143107414246 0.8366143107414246 0.8366143107414246 0.8366143107414246 0.8366143107414246 0.8366143107414246 0.8366143107414246 0.8366143107414246
0.8801848292350769 0.8801848292350769 0.8801848292350769 0.8801848292350769 0.8801848292350769 0.8801848292350769 0.8801848292350769 0.8801848292350769
0.9108982682228088 0.9108982682228088 0.9108982682228088 0.9108982682228088 0.9108982682228088 0.9108982682228088 0.9108982682228088 0.9108982682228088
0.8542388677597046 0.8542388677597046 0.8542388677597046 0.8542388677597046 0.8542388677597046 0.8542388677597046 0.8542388677597046 0.8542388677597046
0.8338609337806702 0.8338609337806702 0.8338609337806702 0.8338609337806702 0.8338609337806702 0.8338609337806702 0.8338609337806702 0.8338609337806702
0.8502561450004578 0.8502561450004578 0.8502561450004578 0.8502561450004578 0.8502561450004578 0.8502561450004578 0.8502561450004578 0.8502561450004578
0.8764839172363281 0.8764839172363281 0.8764839172363281 0.8764839172363281 0.8764839172363281 0.8764839172363281 0.8764839172363281 0.8764839172363281
0.8719879984855652 0.8719879984855652 0.8719879984855652 0.8719879984855652 0.8719879984855652 0.8719879984855652 0.8719879984855652 0.8719879984855652
0.8232537508010864 0.8232537508010864 0.8232537508010864 0.8232537508010864 0.8232537508010864 0.8232537508010864 0.8232537508010864 0.8232537508010864
0.8517110943794250 0.8517110943794250 0.8517110943794250 0.8517110943794250 0.8517110943794250 0.8517110943794250 0.8517110943794250 0.8517110943794250
0.8248494863510132 0.8248494863510132 0.8248494863510132 0.8248494863510132 0.8248494863510132 0.8248494863510132 0.8248494863510132 0.8248494863510132
0.8543238639831543 0.8543238639831543 0.8543238639831543 0.8543238639831543 0.8543238639831543 0.8543238639831543 0.8543238639831543 0.8543238639831543
0.7952112555503845 0.7952112555503845 0.7952112555503845 0.7952112555503845 0.7952112555503845 0.7952112555503845 0.7952112555503845 0.7952112555503845
0.7473310232162476 0.7473310232162476 0.7473310232162476 0.7473310232162476 0.7473310232162476 0.7473310232162476 0.7473310232162476 0.7473310232162476
0.8143045902252197 0.8143045902252197 0.8143045902252197 0.8143045902252197 0.8143045902252197 0.8143045902252197 0.8143045902252197 0.8143045902252197
0.8889403939247131 0.8889403939247131 0.8889403939247131 0.8889403939247131 0.8889403939247131 0.8889403939247131 0.8889403939247131 0.8889403939247131
0.8252866268157959 0.8252866268157959 0.8252866268157959 0.8252866268157959 0.8252866268157959 0.8252866268157959 0.8252866268157959 0.8252866268157959
0.8340805768966675 0.8340805768966675 0.8340805768966675 0.8340805768966675 0.8340805768966675 0.8340805768966675 0.8340805768966675 0.8340805768966675
0.8358489274978638 0.8358489274978638 0.8358489274978638 0.8358489274978638 0.8358489274978638 0.8358489274978638 0.8358489274978638 0.8358489274978638
0.8670187592506409 0.8670187592506409 0.8670187592506409 0.8670187592506409 0.8670187592506409 0.8670187592506409 0.8670187592506409 0.8670187592506409
0.8331943154335022 0.8331943154335022 0.8331943154335022 0.8331943154335022 0.8331943154335022 0.8331943154335022 0.8331943154335022 0.8331943154335022
0.8249321579933167 0.8249321579933167 0.8249321579933167 0.8249321579933167 0.8249321579933167 0.8249321579933167 0.8249321579933167 0.8249321579933167
0.8555673360824585 0.8555673360824585 0.8555673360824585 0.8555673360824585 0.8555673360824585 0.8555673360824585 0.8555673360824585 0.8555673360824585
0.8800656795501709 0.8800656795501709 0.8800656795501709 0.8800656795501709 0.8800656795501709 0.8800656795501709 0.8800656795501709 0.8800656795501709
0.8708153367042542 0.8708153367042542 0.8708153367042542 0.8708153367042542 0.8708153367042542 0.8708153367042542 0.8708153367042542 0.8708153367042542
0.8292564153671265 0.8292564153671265 0.8292564153671265 0.8292564153671265 0.8292564153671265 0.8292564153671265 0.8292564153671265 0.8292564153671265
0.7854245901107788 0.7854245901107788 0.7854245901107788 0.7854245901107788 0.7854245901107788 0.7854245901107788 0.7854245901107788 0.7854245901107788
0.8690828084945679 0.8690828084945679 0.8690828084945679 0.8690828084945679 0.8690828084945679 0.8690828084945679 0.8690828084945679 0.8690828084945679
0.7977242469787598 0.7977242469787598 0.7977242469787598 0.7977242469787598 0.7977242469787598 0.7977242469787598 0.7977242469787598 0.7977242469787598
0.8275480270385742 0.8275480270385742 0.8275480270385742 0.8275480270385742 0.8275480270385742 0.8275480270385742 0.8275480270385742 0.8275480270385742
0.8381910920143127 0.8381910920143127 0.8381910920143127 0.8381910920143127 0.8381910920143127 0.8381910920143127 0.8381910920143127 0.8381910920143127
0.8679035902023315 0.8679035902023315 0.8679035902023315 0.8679035902023315 0.8679035902023315 0.8679035902023315 0.8679035902023315 0.8679035902023315
0.8569316864013672 0.8569316864013672 0.8569316864013672 0.8569316864013672 0.8569316864013672 0.8569316864013672 0.8569316864013672 0.8569316864013672
1.0382121801376343 1.0382121801376343 1.0382121801376343 1.0382121801376343 1.0382121801376343 1.0382121801376343 1.0382121801376343 1.0382121801376343
1.0052088499069214 1.0052088499069214 1.0052088499069214 1.0052088499069214 1.0052088499069214 1.0052088499069214 1.0052088499069214 1.0052088499069214
0.9632886648178101 0.9632886648178101 0.9632886648178101 0.9632886648178101 0.9632886648178101 0.9632886648178101 0.9632886648178101 0.9632886648178101
0.9637048244476318 0.9637048244476318 0.9637048244476318 0.9637048244476318 0.9637048244476318 0.9637048244476318 0.9637048244476318 0.9637048244476318
0.9357247948646545 0.9357247948646545 0.9357247948646545 0.9357247948646545 0.9357247948646545 0.9357247948646545 0.9357247948646545 0.9357247948646545
0.9498880505561829 0.9498880505561829 0.9498880505561829 0.9498880505561829 0.9498880505561829 0.9498880505561829 0.9498880505561829 0.9498880505561829
1.0018458366394043 1.0018458366394043 1.0018458366394043 1.0018458366394043 1.0018458366394043 1.0018458366394043 1.0018458366394043 1.0018458366394043
0.9059193730354309 0.9059193730354309 0.9059193730354309 0.9059193730354309 0.9059193730354309 0.9059193730354309 0.9059193730354309 0.9059193730354309
1.0075336694717407 1.0075336694717407 1.0075336694717407 1.0075336694717407 1.0075336694717407 1.0075336694717407 1.0075336694717407 1.0075336694717407
1.0125095844268799 1.0125095844268799 1.0125095844268799 1.0125095844268799 1.0125095844268799 1.0125095844268799 1.0125095844268799 1.0125095844268799
0.9910871386528015 0.9910871386528015 0.9910871386528015 0.9910871386528015 0.9910871386528015 0.9910871386528015 0.9910871386528015 0.9910871386528015
1.0144127607345581 1.0144127607345581 1.0144127607345581 1.0144127607345581 1.0144127607345581 1.0144127607345581 1.0144127607345581 1.0144127607345581
1.0298666954040527 1.0298666954040527 1.0298666954040527 1.0298666954040527 1.0298666954040527 1.0298666954040527 1.0298666954040527 1.0298666954040527
1.0231702327728271 1.0231702327728271 1.0231702327728271 1.0231702327728271 1.0231702327728271 1.0231702327728271 1.0231702327728271 1.0231702327728271
1.0176982879638672 1.0176982879638672 1.0176982879638672 1.0176982879638672 1.0176982879638672 1.0176982879638672 1.0176982879638672 1.0176982879638672
0.9720606803894043 0.9720606803894043 0.9720606803894043 0.9720606803894043 0.9720606803894043 0.9720606803894043 0.9720606803894043 0.9720606803894043
0.9425907135009766 0.9425907135009766 0.9425907135009766 0.9425907135009766 0.9425907135009766 0.9425907135009766 0.9425907135009766 0.9425907135009766
1.0099053382873535 1.0099053382873535 1.0099053382873535 1.0099053382873535 1.0099053382873535 1.0099053382873535 1.0099053382873535 1.0099053382873535
1.0093556642532349 1.0093556642532349 1.0093556642532349 1.0093556642532349 1.0093556642532349 1.0093556642532349 1.0093556642532349 1.0093556642532349
0.9727843999862671 0.9727843999862671 0.9727843999862671 0.9727843999862671 0.9727843999862671 0.9727843999862671 0.9727843999862671 0.9727843999862671
0.9898427724838257 0.9898427724838257 0.9898427724838257 0.9898427724838257 0.9898427724838257 0.9898427724838257 0.9898427724838257 0.9898427724838257
0.9901298284530640 0.9901298284530640 0.9901298284530640 0.9901298284530640 0.9901298284530640 0.9901298284530640 0.9901298284530640 0.9901298284530640
1.0153695344924927 1.0153695344924927 1.0153695344924927 1.0153695344924927 1.0153695344924927 1.0153695344924927 1.0153695344924927 1.0153695344924927
0.9862153530120850 0.9862153530120850 0.9862153530120850 0.9862153530120850 0.9862153530120850 0.9862153530120850 0.9862153530120850 0.9862153530120850
0.9158877134323120 0.9158877134323120 0.9158877134323120 0.9158877134323120 0.9158877134323120 0.9158877134323120 0.9158877134323120 0.9158877134323120
0.9967247247695923 0.9967247247695923 0.9967247247695923 0.9967247247695923 0.9967247247695923 0.9967247247695923 0.9967247247695923 0.9967247247695923
0.9499464631080627 0.9499464631080627 0.9499464631080627 0.9499464631080627 0.9499464631080627 0.9499464631080627 0.9499464631080627 0.9499464631080627
1.0025638341903687 1.0025638341903687 1.0025638341903687 1.0025638341903687 1.0025638341903687 1.0025638341903687 1.0025638341903687 1.0025638341903687
0.9376996159553528 0.9376996159553528 0.9376996159553528 0.9376996159553528 0.9376996159553528 0.9376996159553528 0.9376996159553528 0.9376996159553528
0.9819348454475403 0.9819348454475403 0.9819348454475403 0.9819348454475403 0.9819348454475403 0.9819348454475403 0.9819348454475403 0.9819348454475403
0.9260382652282715 0.9260382652282715 0.9260382652282715 0.9260382652282715 0.9260382652282715 0.9260382652282715 0.9260382652282715 0.9260382652282715
0.9390016794204712 0.9390016794204712 0.9390016794204712 0.9390016794204712 0.9390016794204712 0.9390016794204712 0.9390016794204712 0.9390016794204712
0.9481729865074158 0.9481729865074158 0.9481729865074158 0.9481729865074158 0.9481729865074158 0.9481729865074158 0.9481729865074158 0.9481729865074158
0.9363123178482056 0.9363123178482056 0.9363123178482056 0.9363123178482056 0.9363123178482056 0.9363123178482056 0.9363123178482056 0.9363123178482056
0.9754907488822937 0.9754907488822937 0.9754907488822937 0.9754907488822937 0.9754907488822937 0.9754907488822937 0.9754907488822937 0.9754907488822937
1.0061961412429810 1.0061961412429810 1.0061961412429810 1.0061961412429810 1.0061961412429810 1.0061961412429810 1.0061961412429810 1.0061961412429810
0.9126880764961243 0.9126880764961243 0.9126880764961243 0.9126880764961243 0.9126880764961243 0.9126880764961243 0.9126880764961243 0.9126880764961243
0.9532816410064697 0.9532816410064697 0.9532816410064697 0.9532816410064697 0.9532816410064697 0.9532816410064697 0.9532816410064697 0.9532816410064697
0.9911215901374817 0.9911215901374817 0.9911215901374817 0.9911215901374817 0.9911215901374817 0.9911215901374817 0.9911215901374817 0.9911215901374817
0.9712993502616882 0.9712993502616882 0.9712993502616882 0.9712993502616882 0.9712993502616882 0.9712993502616882 0.9712993502616882 0.9712993502616882
0.9838569164276123 0.9838569164276123 0.9838569164276123 0.9838569164276123 0.9838569164276123 0.9838569164276123 0.9838569164276123 0.9838569164276123
0.9875854849815369 0.9875854849815369 0.9875854849815369 0.9875854849815369 0.9875854849815369 0.9875854849815369 0.9875854849815369 0.9875854849815369
1.0192699432373047 1.0192699432373047 1.0192699432373047 1.0192699432373047 1.0192699432373047 1.0192699432373047 1.0192699432373047 1.0192699432373047
0.9383196234703064 0.9383196234703064 0.9383196234703064 0.9383196234703064 0.9383196234703064 0.9383196234703064 0.9383196234703064 0.9383196234703064
1.0647512674331665 1.0647512674331665 1.0647512674331665 1.0647512674331665 1.0647512674331665 1.0647512674331665 1.0647512674331665 1.0647512674331665
1.1194250583648682 1.1194250583648682 1.1194250583648682 1.1194250583648682 1.1194250583648682 1.1194250583648682 1.1194250583648682 1.1194250583648682
1.1106972694396973 1.1106972694396973 1.1106972694396973 1.1106972694396973 1.1106972694396973 1.1106972694396973 1.1106972694396973 1.1106972694396973
1.0754835605621338 1.0754835605621338 1.0754835605621338 1.0754835605621338 1.0754835605621338 1.0754835605621338 1.0754835605621338 1.0754835605621338
1.0876705646514893 1.0876705646514893 1.0876705646514893 1.0876705646514893 1.0876705646514893 1.0876705646514893 1.0876705646514893 1.0876705646514893
1.0719075202941895 1.0719075202941895 1.0719075202941895 1.0719075202941895 1.0719075202941895 1.0719075202941895 1.0719075202941895 1.0719075202941895
1.0806753635406494 1.0806753635406494 1.0806753635406494 1.0806753635406494 1.0806753635406494 1.0806753635406494 1.0806753635406494 1.0806753635406494
1.0244598388671875 1.0244598388671875 1.0244598388671875 1.0244598388671875 1.0244598388671875 1.0244598388671875 1.0244598388671875 1.0244598388671875
1.1463704109191895 1.1463704109191895 1.1463704109191895 1.1463704109191895 1.1463704109191895 1.1463704109191895 1.1463704109191895 1.1463704109191895
1.0377941131591797 1.0377941131591797 1.0377941131591797 1.0377941131591797 1.0377941131591797 1.0377941131591797 1.0377941131591797 1.0377941131591797
1.0661959648132324 1.0661959648132324 1.0661959648132324 1.0661959648132324 1.0661959648132324 1.0661959648132324 1.0661959648132324 1.0661959648132324
1.0669494867324829 1.0669494867324829 1.0669494867324829 1.0669494867324829 1.0669494867324829 1.0669494867324829 1.0669494867324829 1.0669494867324829
1.0796061754226685 1.0796061754226685 1.0796061754226685 1.0796061754226685 1.0796061754226685 1.0796061754226685 1.0796061754226685 1.0796061754226685
1.1599889993667603 1.1599889993667603 1.1599889993667603 1.1599889993667603 1.1599889993667603 1.1599889993667603 1.1599889993667603 1.1599889993667603
1.1134184598922729 1.1134184598922729 1.1134184598922729 1.1134184598922729 1.1134184598922729 1.1134184598922729 1.1134184598922729 1.1134184598922729
1.1465834379196167 1.1465834379196167 1.1465834379196167 1.1465834379196167 1.1465834379196167 1.1465834379196167 1.1465834379196167 1.1465834379196167
1.1870735883712769 1.1870735883712769 1.1870735883712769 1.1870735883712769 1.1870735883712769 1.1870735883712769 1.1870735883712769 1.1870735883712769
1.0798156261444092 1.0798156261444092 1.0798156261444092 1.0798156261444092 1.0798156261444092 1.0798156261444092 1.0798156261444092 1.0798156261444092
1.0929756164550781 1.0929756164550781 1.0929756164550781 1.0929756164550781 1.0929756164550781 1.0929756164550781 1.0929756164550781 1.0929756164550781
1.0984491109848022 1.0984491109848022 1.0984491109848022 1.0984491109848022 1.0984491109848022 1.0984491109848022 1.0984491109848022 1.0984491109848022
1.0573881864547729 1.0573881864547729 1.0573881864547729 1.0573881864547729 1.0573881864547729 1.0573881864547729 1.0573881864547729 1.0573881864547729
1.0833127498626709 1.0833127498626709 1.0833127498626709 1.0833127498626709 1.0833127498626709 1.0833127498626709 1.0833127498626709 1.0833127498626709
1.1274664402008057 1.1274664402008057 1.1274664402008057 1.1274664402008057 1.1274664402008057 1.1274664402008057 1.1274664402008057 1.1274664402008057
1.0384218692779541 1.0384218692779541 1.0384218692779541 1.0384218692779541 1.0384218692779541 1.0384218692779541 1.0384218692779541 1.0384218692779541
1.0452957153320312 1.0452957153320312 1.0452957153320312 1.0452957153320312 1.0452957153320312 1.0452957153320312 1.0452957153320312 1.0452957153320312
1.0374385118484497 1.0374385118484497 1.0374385118484497 1.0374385118484497 1.0374385118484497 1.0374385118484497 1.0374385118484497 1.0374385118484497
1.1020526885986328 1.1020526885986328 1.1020526885986328 1.1020526885986328 1.1020526885986328 1.1020526885986328 1.1020526885986328 1.1020526885986328
1.0538289546966553 1.0538289546966553 1.0538289546966553 1.0538289546966553 1.0538289546966553 1.0538289546966553 1.0538289546966553 1.0538289546966553
1.1028609275817871 1.1028609275817871 1.1028609275817871 1.1028609275817871 1.1028609275817871 1.1028609275817871 1.1028609275817871 1.1028609275817871
1.1356102228164673 1.1356102228164673 1.1356102228164673 1.1356102228164673 1.1356102228164673 1.1356102228164673 1.1356102228164673 1.1356102228164673
1.0517811775207520 1.0517811775207520 1.0517811775207520 1.0517811775207520 1.0517811775207520 1.0517811775207520 1.0517811775207520 1.0517811775207520
1.0527355670928955 1.0527355670928955 1.0527355670928955 1.0527355670928955 1.0527355670928955 1.0527355670928955 1.0527355670928955 1.0527355670928955
1.1217433214187622 1.1217433214187622 1.1217433214187622 1.1217433214187622 1.1217433214187622 1.1217433214187622 1.1217433214187622 1.1217433214187622
1.1459206342697144 1.1459206342697144 1.1459206342697144 1.1459206342697144 1.1459206342697144 1.1459206342697144 1.1459206342697144 1.1459206342697144
1.1241233348846436 1.1241233348846436 1.1241233348846436 1.1241233348846436 1.1241233348846436 1.1241233348846436 1.1241233348846436 1.1241233348846436
1.1394171714782715 1.1394171714782715 1.1394171714782715 1.1394171714782715 1.1394171714782715 1.1394171714782715 1.1394171714782715 1.1394171714782715
1.0629408359527588 1.0629408359527588 1.0629408359527588 1.0629408359527588 1.0629408359527588 1.0629408359527588 1.0629408359527588 1.0629408359527588
1.0567492246627808 1.0567492246627808 1.0567492246627808 1.0567492246627808 1.0567492246627808 1.0567492246627808 1.0567492246627808 1.0567492246627808
1.1109019517898560 1.1109019517898560 1.1109019517898560 1.1109019517898560 1.1109019517898560 1.1109019517898560 1.1109019517898560 1.1109019517898560
1.0786669254302979 1.0786669254302979 1.0786669254302979 1.0786669254302979 1.0786669254302979 1.0786669254302979 1.0786669254302979 1.0786669254302979
1.0902712345123291 1.0902712345123291 1.0902712345123291 1.0902712345123291 1.0902712345123291 1.0902712345123291 1.0902712345123291 1.0902712345123291
1.2050058841705322 1.2050058841705322 1.2050058841705322 1.2050058841705322 1.2050058841705322 1.2050058841705322 1.2050058841705322 1.2050058841705322
1.1929237842559814 1.1929237842559814 1.1929237842559814 1.1929237842559814 1.1929237842559814 1.1929237842559814 1.1929237842559814 1.1929237842559814
1.0135216712951660 1.0135216712951660 1.0135216712951660 1.0135216712951660 1.0135216712951660 1.0135216712951660 1.0135216712951660 1.0135216712951660
1.2583743333816528 1.2583743333816528 1.2583743333816528 1.2583743333816528 1.2583743333816528 1.2583743333816528 1.2583743333816528 1.2583743333816528
1.2353042364120483 1.2353042364120483 1.2353042364120483 1.2353042364120483 1.2353042364120483 1.2353042364120483 1.2353042364120483 1.2353042364120483
1.2307677268981934 1.2307677268981934 1.2307677268981934 1.2307677268981934 1.2307677268981934 1.2307677268981934 1.2307677268981934 1.2307677268981934
1.1346734762191772 1.1346734762191772 1.1346734762191772 1.1346734762191772 1.1346734762191772 1.1346734762191772 1.1346734762191772 1.1346734762191772
1.1449230909347534 1.1449230909347534 1.1449230909347534 1.1449230909347534 1.1449230909347534 1.1449230909347534 1.1449230909347534 1.1449230909347534
1.1961755752563477 1.1961755752563477 1.1961755752563477 1.1961755752563477 1.1961755752563477 1.1961755752563477 1.1961755752563477 1.1961755752563477
1.1838790178298950 1.1838790178298950 1.1838790178298950 1.1838790178298950 1.1838790178298950 1.1838790178298950 1.1838790178298950 1.1838790178298950
1.2097178697586060 1.2097178697586060 1.2097178697586060 1.2097178697586060 1.2097178697586060 1.2097178697586060 1.2097178697586060 1.2097178697586060
1.2259467840194702 1.2259467840194702 1.2259467840194702 1.2259467840194702 1.2259467840194702 1.2259467840194702 1.2259467840194702 1.2259467840194702
1.1839520931243896 1.1839520931243896 1.1839520931243896 1.1839520931243896 1.1839520931243896 1.1839520931243896 1.1839520931243896 1.1839520931243896
1.2711170911788940 1.2711170911788940 1.2711170911788940 1.2711170911788940 1.2711170911788940 1.2711170911788940 1.2711170911788940 1.2711170911788940
1.2355232238769531 1.2355232238769531 1.2355232238769531 1.2355232238769531 1.2355232238769531 1.2355232238769531 1.2355232238769531 1.2355232238769531
1.0341185331344604 1.0341185331344604 1.0341185331344604 1.0341185331344604 1.0341185331344604 1.0341185331344604 1.0341185331344604 1.0341185331344604
1.2017453908920288 1.2017453908920288 1.2017453908920288 1.2017453908920288 1.2017453908920288 1.2017453908920288 1.2017453908920288 1.2017453908920288
1.1597118377685547 1.1597118377685547 1.1597118377685547 1.1597118377685547 1.1597118377685547 1.1597118377685547 1.1597118377685547 1.1597118377685547
1.2498307228088379 1.2498307228088379 1.2498307228088379 1.2498307228088379 1.2498307228088379 1.2498307228088379 1.2498307228088379 1.2498307228088379
1.1483885049819946 1.1483885049819946 1.1483885049819946 1.1483885049819946 1.1483885049819946 1.1483885049819946 1.1483885049819946 1.1483885049819946
1.2777423858642578 1.2777423858642578 1.2777423858642578 1.2777423858642578 1.2777423858642578 1.2777423858642578 1.2777423858642578 1.2777423858642578
1.2289656400680542 1.2289656400680542 1.2289656400680542 1.2289656400680542 1.2289656400680542 1.2289656400680542 1.2289656400680542 1.2289656400680542
1.1912745237350464 1.1912745237350464 1.1912745237350464 1.1912745237350464 1.1912745237350464 1.1912745237350464 1.1912745237350464 1.1912745237350464
1.1641200780868530 1.1641200780868530 1.1641200780868530 1.1641200780868530 1.1641200780868530 1.1641200780868530 1.1641200780868530 1.1641200780868530
1.2057529687881470 1.2057529687881470 1.2057529687881470 1.2057529687881470 1.2057529687881470 1.2057529687881470 1.2057529687881470 1.2057529687881470
1.3475259542465210 1.3475259542465210 1.3475259542465210 1.3475259542465210 1.3475259542465210 1.3475259542465210 1.3475259542465210 1.3475259542465210
1.2854975461959839 1.2854975461959839 1.2854975461959839 1.2854975461959839 1.2854975461959839 1.2854975461959839 1.2854975461959839 1.2854975461959839
1.1714836359024048 1.1714836359024048 1.1714836359024048 1.1714836359024048 1.1714836359024048 1.1714836359024048 1.1714836359024048 1.1714836359024048
1.1923903226852417 1.1923903226852417 1.1923903226852417 1.1923903226852417 1.1923903226852417 1.1923903226852417 1.1923903226852417 1.1923903226852417
1.2043846845626831 1.2043846845626831 1.2043846845626831 1.2043846845626831 1.2043846845626831 1.2043846845626831 1.2043846845626831 1.2043846845626831
1.2633990049362183 1.2633990049362183 1.2633990049362183 1.2633990049362183 1.2633990049362183 1.2633990049362183 1.2633990049362183 1.2633990049362183
1.2398408651351929 1.2398408651351929 1.2398408651351929 1.2398408651351929 1.2398408651351929 1.2398408651351929 1.2398408651351929 1.2398408651351929
1.2511875629425049 1.2511875629425049 1.2511875629425049 1.2511875629425049 1.2511875629425049 1.2511875629425049 1.2511875629425049 1.2511875629425049
1.1912099123001099 1.1912099123001099 1.1912099123001099 1.1912099123001099 1.1912099123001099 1.1912099123001099 1.1912099123001099 1.1912099123001099
1.2166080474853516 1.2166080474853516 1.2166080474853516 1.2166080474853516 1.2166080474853516 1.2166080474853516 1.2166080474853516 1.2166080474853516
1.1082600355148315 1.1082600355148315 1.1082600355148315 1.1082600355148315 1.1082600355148315 1.1082600355148315 1.1082600355148315 1.1082600355148315
1.1489008665084839 1.1489008665084839 1.1489008665084839 1.1489008665084839 1.1489008665084839 1.1489008665084839 1.1489008665084839 1.1489008665084839
1.3215016126632690 1.3215016126632690 1.3215016126632690 1.3215016126632690 1.3215016126632690 1.3215016126632690 1.3215016126632690 1.3215016126632690
1.2360204458236694 1.2360204458236694 1.2360204458236694 1.2360204458236694 1.2360204458236694 1.2360204458236694 1.2360204458236694 1.2360204458236694
1.2982709407806396 1.2982709407806396 1.2982709407806396 1.2982709407806396 1.2982709407806396 1.2982709407806396 1.2982709407806396 1.2982709407806396
1.1555870771408081 1.1555870771408081 1.1555870771408081 1.1555870771408081 1.1555870771408081 1.1555870771408081 1.1555870771408081 1.1555870771408081
1.2113877534866333 1.2113877534866333 1.2113877534866333 1.2113877534866333 1.2113877534866333 1.2113877534866333 1.2113877534866333 1.2113877534866333
1.1381473541259766 1.1381473541259766 1.1381473541259766 1.1381473541259766 1.1381473541259766 1.1381473541259766 1.1381473541259766 1.1381473541259766
1.1791465282440186 1.1791465282440186 1.1791465282440186 1.1791465282440186 1.1791465282440186 1.1791465282440186 1.1791465282440186 1.1791465282440186
1.1969659328460693 1.1969659328460693 1.1969659328460693 1.1969659328460693 1.1969659328460693 1.1969659328460693 1.1969659328460693 1.1969659328460693
1.2441053390502930 1.2441053390502930 1.2441053390502930 1.2441053390502930 1.2441053390502930 1.2441053390502930 1.2441053390502930 1.2441053390502930
1.1838690042495728 1.1838690042495728 1.1838690042495728 1.1838690042495728 1.1838690042495728 1.1838690042495728 1.1838690042495728 1.1838690042495728
