6
32 96
0.9707984924316406 0.9707984924316406 0.9707984924316406 0.9707984924316406 0
0.9751003384590149 0.9751003384590149 0.9751003384590149 0.9751003384590149 0
0.9406164884567261 0.9406164884567261 0.9406164884567261 0.9406164884567261 0
1.0198013782501221 1.0198013782501221 1.0198013782501221 1.0198013782501221 0
0.9907953739166260 0.9907953739166260 0.9907953739166260 0.9907953739166260 0
0.9411855936050415 0.9411855936050415 0.9411855936050415 0.9411855936050415 0
0.9757112860679626 0.9757112860679626 0.9757112860679626 0.9757112860679626 0
0.9280939102172852 0.9280939102172852 0.9280939102172852 0.9280939102172852 0
0.9681982398033142 0.9681982398033142 0.9681982398033142 0.9681982398033142 0
0.9918431639671326 0.9918431639671326 0.9918431639671326 0.9918431639671326 0
0.9861851334571838 0.9861851334571838 0.9861851334571838 0.9861851334571838 0
0.9496213197708130 0.9496213197708130 0.9496213197708130 0.9496213197708130 0
0.9667344093322754 0.9667344093322754 0.9667344093322754 0.9667344093322754 0
0.9141738414764404 0.9141738414764404 0.9141738414764404 0.9141738414764404 0
1.0241202116012573 1.0241202116012573 1.0241202116012573 1.0241202116012573 0
1.0077457427978516 1.0077457427978516 1.0077457427978516 1.0077457427978516 0
0.8987026810646057 0.8987026810646057 0.8987026810646057 0.8987026810646057 0.8987026810646057 0.8987026810646057
0.9563293457031250 0.9563293457031250 0.9563293457031250 0.9563293457031250 0.9563293457031250 0.9563293457031250
0.9730550050735474 0.9730550050735474 0.9730550050735474 0.9730550050735474 0.9730550050735474 0.9730550050735474
0.9532994031906128 0.9532994031906128 0.9532994031906128 0.9532994031906128 0.9532994031906128 0.9532994031906128
0.9974952340126038 0.9974952340126038 0.9974952340126038 0.9974952340126038 0.9974952340126038 0.9974952340126038
0.8516091704368591 0.8516091704368591 0.8516091704368591 0.8516091704368591 0.8516091704368591 0.8516091704368591
0.9627884626388550 0.9627884626388550 0.9627884626388550 0.9627884626388550 0.9627884626388550 0.9627884626388550
0.9787004590034485 0.9787004590034485 0.9787004590034485 0.9787004590034485 0.9787004590034485 0.9787004590034485
0.9347651004791260 0.9347651004791260 0.9347651004791260 0.9347651004791260 0.9347651004791260 0.9347651004791260
0.9356179833412170 0.9356179833412170 0.9356179833412170 0.9356179833412170 0.9356179833412170 0.9356179833412170
1.0106726884841919 1.0106726884841919 1.0106726884841919 1.0106726884841919 1.0106726884841919 1.0106726884841919
0.9631749987602234 0.9631749987602234 0.9631749987602234 0.9631749987602234 0.9631749987602234 0.9631749987602234
0.9253575205802917 0.9253575205802917 0.9253575205802917 0.9253575205802917 0.9253575205802917 0.9253575205802917
0.9657658934593201 0.9657658934593201 0.9657658934593201 0.9657658934593201 0.9657658934593201 0.9657658934593201
0.9520528912544250 0.9520528912544250 0.9520528912544250 0.9520528912544250 0.9520528912544250 0.9520528912544250
0.9417854547500610 0.9417854547500610 0.9417854547500610 0.9417854547500610 0.9417854547500610 0.9417854547500610
0.8985103368759155 0.8985103368759155 0.8985103368759155 0.8985103368759155 0.8985103368759155 0.8985103368759155
0.9214884042739868 0.9214884042739868 0.9214884042739868 0.9214884042739868 0.9214884042739868 0.9214884042739868
0.8728902339935303 0.8728902339935303 0.8728902339935303 0.8728902339935303 0.8728902339935303 0.8728902339935303
0.8766573667526245 0.8766573667526245 0.8766573667526245 0.8766573667526245 0.8766573667526245 0.8766573667526245
0.9004377126693726 0.9004377126693726 0.9004377126693726 0.9004377126693726 0.9004377126693726 0.9004377126693726
1.0266811847686768 1.0266811847686768 1.0266811847686768 1.0266811847686768 1.0266811847686768 1.0266811847686768
0.8880237936973572 0.8880237936973572 0.8880237936973572 0.8880237936973572 0.8880237936973572 0.8880237936973572
1.0335432291030884 1.0335432291030884 1.0335432291030884 1.0335432291030884 1.0335432291030884 1.0335432291030884
0.9514283537864685 0.9514283537864685 0.9514283537864685 0.9514283537864685 0.9514283537864685 0.9514283537864685
0.9515141248703003 0.9515141248703003 0.9515141248703003 0.9515141248703003 0.9515141248703003 0.9515141248703003
0.9607358574867249 0.9607358574867249 0.9607358574867249 0.9607358574867249 0.9607358574867249 0.9607358574867249
0.9665085673332214 0.9665085673332214 0.9665085673332214 0.9665085673332214 0.9665085673332214 0.9665085673332214
0.9700762629508972 0.9700762629508972 0.9700762629508972 0.9700762629508972 0.9700762629508972 0.9700762629508972
0.9083980917930603 0.9083980917930603 0.9083980917930603 0.9083980917930603 0.9083980917930603 0.9083980917930603
0.9215679168701172 0.9215679168701172 0.9215679168701172 0.9215679168701172 0.9215679168701172 0.9215679168701172
0.9173296689987183 0.9173296689987183 0.9173296689987183 0.9173296689987183 0.9173296689987183 0.9173296689987183
1.0472898483276367 1.0472898483276367 1.0472898483276367 1.0472898483276367 0
0.9760793447494507 0.9760793447494507 0.9760793447494507 0.9760793447494507 0
0.9988400340080261 0.9988400340080261 0.9988400340080261 0.9988400340080261 0
0.9360222220420837 0.9360222220420837 0.9360222220420837 0.9360222220420837 0
1.0138698816299438 1.0138698816299438 1.0138698816299438 1.0138698816299438 0
0.9947490096092224 0.9947490096092224 0.9947490096092224 0.9947490096092224 0
0.9509816765785217 0.9509816765785217 0.9509816765785217 0.9509816765785217 0
0.9235371947288513 0.9235371947288513 0.9235371947288513 0.9235371947288513 0
0.9445106983184814 0.9445106983184814 0.9445106983184814 0.9445106983184814 0
0.9515967965126038 0.9515967965126038 0.9515967965126038 0.9515967965126038 0
0.9234436750411987 0.9234436750411987 0.9234436750411987 0.9234436750411987 0
0.9599974155426025 0.9599974155426025 0.9599974155426025 0.9599974155426025 0
1.0231984853744507 1.0231984853744507 1.0231984853744507 1.0231984853744507 0
1.0082888603210449 1.0082888603210449 1.0082888603210449 1.0082888603210449 0
0.9621257781982422 0.9621257781982422 0.9621257781982422 0.9621257781982422 0
0.9777658581733704 0.9777658581733704 0.9777658581733704 0.9777658581733704 0
0.9828324913978577 0.9828324913978577 0.9828324913978577 0.9828324913978577 0.9828324913978577 0.9828324913978577
0.9556421041488647 0.9556421041488647 0.9556421041488647 0.9556421041488647 0.9556421041488647 0.9556421041488647
0.9240632653236389 0.9240632653236389 0.9240632653236389 0.9240632653236389 0.9240632653236389 0.9240632653236389
0.9550512433052063 0.9550512433052063 0.9550512433052063 0.9550512433052063 0.9550512433052063 0.9550512433052063
1.0256001949310303 1.0256001949310303 1.0256001949310303 1.0256001949310303 1.0256001949310303 1.0256001949310303
0.9399270415306091 0.9399270415306091 0.9399270415306091 0.9399270415306091 0.9399270415306091 0.9399270415306091
0.8261602520942688 0.8261602520942688 0.8261602520942688 0.8261602520942688 0.8261602520942688 0.8261602520942688
0.9162759780883789 0.9162759780883789 0.9162759780883789 0.9162759780883789 0.9162759780883789 0.9162759780883789
0.9290524125099182 0.9290524125099182 0.9290524125099182 0.9290524125099182 0.9290524125099182 0.9290524125099182
0.8541337847709656 0.8541337847709656 0.8541337847709656 0.8541337847709656 0.8541337847709656 0.8541337847709656
0.9540455937385559 0.9540455937385559 0.9540455937385559 0.9540455937385559 0.9540455937385559 0.9540455937385559
0.9255571961402893 0.9255571961402893 0.9255571961402893 0.9255571961402893 0.9255571961402893 0.9255571961402893
0.9972307682037354 0.9972307682037354 0.9972307682037354 0.9972307682037354 0.9972307682037354 0.9972307682037354
0.9713307023048401 0.9713307023048401 0.9713307023048401 0.9713307023048401 0.9713307023048401 0.9713307023048401
0.9751453399658203 0.9751453399658203 0.9751453399658203 0.9751453399658203 0.9751453399658203 0.9751453399658203
0.9770488739013672 0.9770488739013672 0.9770488739013672 0.9770488739013672 0.9770488739013672 0.9770488739013672
0.9274985194206238 0.9274985194206238 0.9274985194206238 0.9274985194206238 0.9274985194206238 0.9274985194206238
0.9747318625450134 0.9747318625450134 0.9747318625450134 0.9747318625450134 0.9747318625450134 0.9747318625450134
0.9153189063072205 0.9153189063072205 0.9153189063072205 0.9153189063072205 0.9153189063072205 0.9153189063072205
0.9418944716453552 0.9418944716453552 0.9418944716453552 0.9418944716453552 0.9418944716453552 0.9418944716453552
0.9360188245773315 0.9360188245773315 0.9360188245773315 0.9360188245773315 0.9360188245773315 0.9360188245773315
0.9946765899658203 0.9946765899658203 0.9946765899658203 0.9946765899658203 0.9946765899658203 0.9946765899658203
0.9117901325225830 0.9117901325225830 0.9117901325225830 0.9117901325225830 0.9117901325225830 0.9117901325225830
0.9552053809165955 0.9552053809165955 0.9552053809165955 0.9552053809165955 0.9552053809165955 0.9552053809165955
0.9714688658714294 0.9714688658714294 0.9714688658714294 0.9714688658714294 0.9714688658714294 0.9714688658714294
0.9291646480560303 0.9291646480560303 0.9291646480560303 0.9291646480560303 0.9291646480560303 0.9291646480560303
0.8859611153602600 0.8859611153602600 0.8859611153602600 0.8859611153602600 0.8859611153602600 0.8859611153602600
0.9411368370056152 0.9411368370056152 0.9411368370056152 0.9411368370056152 0.9411368370056152 0.9411368370056152
0.9827482104301453 0.9827482104301453 0.9827482104301453 0.9827482104301453 0.9827482104301453 0.9827482104301453
0.9647235870361328 0.9647235870361328 0.9647235870361328 0.9647235870361328 0.9647235870361328 0.9647235870361328
0.9827098846435547 0.9827098846435547 0.9827098846435547 0.9827098846435547 0.9827098846435547 0.9827098846435547
1.0187146663665771 1.0187146663665771 1.0187146663665771 1.0187146663665771 1.0187146663665771 1.0187146663665771
0.9469922184944153 0.9469922184944153 0.9469922184944153 0.9469922184944153 0
0.8772807121276855 0.8772807121276855 0.8772807121276855 0.8772807121276855 0
0.8842658996582031 0.8842658996582031 0.8842658996582031 0.8842658996582031 0
0.8936284184455872 0.8936284184455872 0.8936284184455872 0.8936284184455872 0
0.9558625817298889 0.9558625817298889 0.9558625817298889 0.9558625817298889 0
0.8752322196960449 0.8752322196960449 0.8752322196960449 0.8752322196960449 0
0.8654409646987915 0.8654409646987915 0.8654409646987915 0.8654409646987915 0
0.9149069786071777 0.9149069786071777 0.9149069786071777 0.9149069786071777 0
0.9442083239555359 0.9442083239555359 0.9442083239555359 0.9442083239555359 0
0.9512842893600464 0.9512842893600464 0.9512842893600464 0.9512842893600464 0
0.7871732711791992 0.7871732711791992 0.7871732711791992 0.7871732711791992 0
0.8420176506042480 0.8420176506042480 0.8420176506042480 0.8420176506042480 0
0.8216617703437805 0.8216617703437805 0.8216617703437805 0.8216617703437805 0
0.8997653722763062 0.8997653722763062 0.8997653722763062 0.8997653722763062 0
0.9422526359558105 0.9422526359558105 0.9422526359558105 0.9422526359558105 0
0.8654873967170715 0.8654873967170715 0.8654873967170715 0.8654873967170715 0
1.0762020349502563 1.0762020349502563 1.0762020349502563 1.0762020349502563 1.0762020349502563 1.0762020349502563
1.1003093719482422 1.1003093719482422 1.1003093719482422 1.1003093719482422 1.1003093719482422 1.1003093719482422
1.0322304964065552 1.0322304964065552 1.0322304964065552 1.0322304964065552 1.0322304964065552 1.0322304964065552
0.9953488111495972 0.9953488111495972 0.9953488111495972 0.9953488111495972 0.9953488111495972 0.9953488111495972
1.0230423212051392 1.0230423212051392 1.0230423212051392 1.0230423212051392 1.0230423212051392 1.0230423212051392
1.0158452987670898 1.0158452987670898 1.0158452987670898 1.0158452987670898 1.0158452987670898 1.0158452987670898
0.9936185479164124 0.9936185479164124 0.9936185479164124 0.9936185479164124 0.9936185479164124 0.9936185479164124
1.0228320360183716 1.0228320360183716 1.0228320360183716 1.0228320360183716 1.0228320360183716 1.0228320360183716
0.9566951990127563 0.9566951990127563 0.9566951990127563 0.9566951990127563 0.9566951990127563 0.9566951990127563
1.0472193956375122 1.0472193956375122 1.0472193956375122 1.0472193956375122 1.0472193956375122 1.0472193956375122
1.0793735980987549 1.0793735980987549 1.0793735980987549 1.0793735980987549 1.0793735980987549 1.0793735980987549
0.9430712461471558 0.9430712461471558 0.9430712461471558 0.9430712461471558 0.9430712461471558 0.9430712461471558
0.9608355760574341 0.9608355760574341 0.9608355760574341 0.9608355760574341 0.9608355760574341 0.9608355760574341
1.0702528953552246 1.0702528953552246 1.0702528953552246 1.0702528953552246 1.0702528953552246 1.0702528953552246
1.0072809457778931 1.0072809457778931 1.0072809457778931 1.0072809457778931 1.0072809457778931 1.0072809457778931
0.9973363876342773 0.9973363876342773 0.9973363876342773 0.9973363876342773 0.9973363876342773 0.9973363876342773
0.9495521783828735 0.9495521783828735 0.9495521783828735 0.9495521783828735 0.9495521783828735 0.9495521783828735
0.9592275619506836 0.9592275619506836 0.9592275619506836 0.9592275619506836 0.9592275619506836 0.9592275619506836
0.9707938432693481 0.9707938432693481 0.9707938432693481 0.9707938432693481 0.9707938432693481 0.9707938432693481
0.9716873764991760 0.9716873764991760 0.9716873764991760 0.9716873764991760 0.9716873764991760 0.9716873764991760
1.0218966007232666 1.0218966007232666 1.0218966007232666 1.0218966007232666 1.0218966007232666 1.0218966007232666
1.0398461818695068 1.0398461818695068 1.0398461818695068 1.0398461818695068 1.0398461818695068 1.0398461818695068
0.8923767805099487 0.8923767805099487 0.8923767805099487 0.8923767805099487 0.8923767805099487 0.8923767805099487
0.9310638308525085 0.9310638308525085 0.9310638308525085 0.9310638308525085 0.9310638308525085 0.9310638308525085
1.0173834562301636 1.0173834562301636 1.0173834562301636 1.0173834562301636 1.0173834562301636 1.0173834562301636
1.0046359300613403 1.0046359300613403 1.0046359300613403 1.0046359300613403 1.0046359300613403 1.0046359300613403
0.9454220533370972 0.9454220533370972 0.9454220533370972 0.9454220533370972 0.9454220533370972 0.9454220533370972
0.9259966015815735 0.9259966015815735 0.9259966015815735 0.9259966015815735 0.9259966015815735 0.9259966015815735
0.9843817353248596 0.9843817353248596 0.9843817353248596 0.9843817353248596 0.9843817353248596 0.9843817353248596
1.0760339498519897 1.0760339498519897 1.0760339498519897 1.0760339498519897 1.0760339498519897 1.0760339498519897
0.9854987859725952 0.9854987859725952 0.9854987859725952 0.9854987859725952 0.9854987859725952 0.9854987859725952
1.0314280986785889 1.0314280986785889 1.0314280986785889 1.0314280986785889 1.0314280986785889 1.0314280986785889
0.8847712874412537 0.8847712874412537 0.8847712874412537 0.8847712874412537 0
0.9482923746109009 0.9482923746109009 0.9482923746109009 0.9482923746109009 0
0.8918442130088806 0.8918442130088806 0.8918442130088806 0.8918442130088806 0
0.8889082670211792 0.8889082670211792 0.8889082670211792 0.8889082670211792 0
0.9742646813392639 0.9742646813392639 0.9742646813392639 0.9742646813392639 0
0.8879734873771667 0.8879734873771667 0.8879734873771667 0.8879734873771667 0
0.9645658731460571 0.9645658731460571 0.9645658731460571 0.9645658731460571 0
0.9154451489448547 0.9154451489448547 0.9154451489448547 0.9154451489448547 0
1.0056515932083130 1.0056515932083130 1.0056515932083130 1.0056515932083130 0
0.8875309824943542 0.8875309824943542 0.8875309824943542 0.8875309824943542 0
0.9155915379524231 0.9155915379524231 0.9155915379524231 0.9155915379524231 0
0.8905784487724304 0.8905784487724304 0.8905784487724304 0.8905784487724304 0
0.9475775361061096 0.9475775361061096 0.9475775361061096 0.9475775361061096 0
0.9027693867683411 0.9027693867683411 0.9027693867683411 0.9027693867683411 0
0.8110346794128418 0.8110346794128418 0.8110346794128418 0.8110346794128418 0
0.8742582798004150 0.8742582798004150 0.8742582798004150 0.8742582798004150 0
1.0442448854446411 1.0442448854446411 1.0442448854446411 1.0442448854446411 1.0442448854446411 1.0442448854446411
0.9340364933013916 0.9340364933013916 0.9340364933013916 0.9340364933013916 0.9340364933013916 0.9340364933013916
1.1119467020034790 1.1119467020034790 1.1119467020034790 1.1119467020034790 1.1119467020034790 1.1119467020034790
1.0235950946807861 1.0235950946807861 1.0235950946807861 1.0235950946807861 1.0235950946807861 1.0235950946807861
0.9356371164321899 0.9356371164321899 0.9356371164321899 0.9356371164321899 0.9356371164321899 0.9356371164321899
1.0850049257278442 1.0850049257278442 1.0850049257278442 1.0850049257278442 1.0850049257278442 1.0850049257278442
1.0435931682586670 1.0435931682586670 1.0435931682586670 1.0435931682586670 1.0435931682586670 1.0435931682586670
1.0251104831695557 1.0251104831695557 1.0251104831695557 1.0251104831695557 1.0251104831695557 1.0251104831695557
1.0644116401672363 1.0644116401672363 1.0644116401672363 1.0644116401672363 1.0644116401672363 1.0644116401672363
1.0536559820175171 1.0536559820175171 1.0536559820175171 1.0536559820175171 1.0536559820175171 1.0536559820175171
1.0154969692230225 1.0154969692230225 1.0154969692230225 1.0154969692230225 1.0154969692230225 1.0154969692230225
1.1171454191207886 1.1171454191207886 1.1171454191207886 1.1171454191207886 1.1171454191207886 1.1171454191207886
0.9690323472023010 0.9690323472023010 0.9690323472023010 0.9690323472023010 0.9690323472023010 0.9690323472023010
0.9777424335479736 0.9777424335479736 0.9777424335479736 0.9777424335479736 0.9777424335479736 0.9777424335479736
0.9928010702133179 0.9928010702133179 0.9928010702133179 0.9928010702133179 0.9928010702133179 0.9928010702133179
1.0185064077377319 1.0185064077377319 1.0185064077377319 1.0185064077377319 1.0185064077377319 1.0185064077377319
0.9352562427520752 0.9352562427520752 0.9352562427520752 0.9352562427520752 0.9352562427520752 0.9352562427520752
0.9815334677696228 0.9815334677696228 0.9815334677696228 0.9815334677696228 0.9815334677696228 0.9815334677696228
0.9570903182029724 0.9570903182029724 0.9570903182029724 0.9570903182029724 0.9570903182029724 0.9570903182029724
1.0214273929595947 1.0214273929595947 1.0214273929595947 1.0214273929595947 1.0214273929595947 1.0214273929595947
1.0498946905136108 1.0498946905136108 1.0498946905136108 1.0498946905136108 1.0498946905136108 1.0498946905136108
1.0036845207214355 1.0036845207214355 1.0036845207214355 1.0036845207214355 1.0036845207214355 1.0036845207214355
0.9878095984458923 0.9878095984458923 0.9878095984458923 0.9878095984458923 0.9878095984458923 0.9878095984458923
0.9805181026458740 0.9805181026458740 0.9805181026458740 0.9805181026458740 0.9805181026458740 0.9805181026458740
0.9436433315277100 0.9436433315277100 0.9436433315277100 0.9436433315277100 0.9436433315277100 0.9436433315277100
1.0055438280105591 1.0055438280105591 1.0055438280105591 1.0055438280105591 1.0055438280105591 1.0055438280105591
0.9623388648033142 0.9623388648033142 0.9623388648033142 0.9623388648033142 0.9623388648033142 0.9623388648033142
1.0318430662155151 1.0318430662155151 1.0318430662155151 1.0318430662155151 1.0318430662155151 1.0318430662155151
1.0280737876892090 1.0280737876892090 1.0280737876892090 1.0280737876892090 1.0280737876892090 1.0280737876892090
0.9435303211212158 0.9435303211212158 0.9435303211212158 0.9435303211212158 0.9435303211212158 0.9435303211212158
0.9545955657958984 0.9545955657958984 0.9545955657958984 0.9545955657958984 0.9545955657958984 0.9545955657958984
0.9050431251525879 0.9050431251525879 0.9050431251525879 0.9050431251525879 0.9050431251525879 0.9050431251525879
0.9539176821708679 0.9539176821708679 0.9539176821708679 0.9539176821708679 0
0.8840803503990173 0.8840803503990173 0.8840803503990173 0.8840803503990173 0
0.9210132360458374 0.9210132360458374 0.9210132360458374 0.9210132360458374 0
0.9083997011184692 0.9083997011184692 0.9083997011184692 0.9083997011184692 0
0.9936405420303345 0.9936405420303345 0.9936405420303345 0.9936405420303345 0
0.9613650441169739 0.9613650441169739 0.9613650441169739 0.9613650441169739 0
0.9698618054389954 0.9698618054389954 0.9698618054389954 0.9698618054389954 0
0.9532346129417419 0.9532346129417419 0.9532346129417419 0.9532346129417419 0
1.1425353288650513 1.1425353288650513 1.1425353288650513 1.1425353288650513 0
0.9781858921051025 0.9781858921051025 0.9781858921051025 0.9781858921051025 0
1.0418820381164551 1.0418820381164551 1.0418820381164551 1.0418820381164551 0
1.0536943674087524 1.0536943674087524 1.0536943674087524 1.0536943674087524 0
0.9467829465866089 0.9467829465866089 0.9467829465866089 0.9467829465866089 0
0.9677637219429016 0.9677637219429016 0.9677637219429016 0.9677637219429016 0
0.9087790846824646 0.9087790846824646 0.9087790846824646 0.9087790846824646 0
0.9906708598136902 0.9906708598136902 0.9906708598136902 0.9906708598136902 0
1.0635907649993896 1.0635907649993896 1.0635907649993896 1.0635907649993896 1.0635907649993896 1.0635907649993896
0.9809470772743225 0.9809470772743225 0.9809470772743225 0.9809470772743225 0.9809470772743225 0.9809470772743225
1.0110038518905640 1.0110038518905640 1.0110038518905640 1.0110038518905640 1.0110038518905640 1.0110038518905640
1.0332787036895752 1.0332787036895752 1.0332787036895752 1.0332787036895752 1.0332787036895752 1.0332787036895752
1.0149836540222168 1.0149836540222168 1.0149836540222168 1.0149836540222168 1.0149836540222168 1.0149836540222168
0.9802481532096863 0.9802481532096863 0.9802481532096863 0.9802481532096863 0.9802481532096863 0.9802481532096863
1.0562324523925781 1.0562324523925781 1.0562324523925781 1.0562324523925781 1.0562324523925781 1.0562324523925781
0.9382988810539246 0.9382988810539246 0.9382988810539246 0.9382988810539246 0.9382988810539246 0.9382988810539246
0.9265152215957642 0.9265152215957642 0.9265152215957642 0.9265152215957642 0.9265152215957642 0.9265152215957642
1.0679520368576050 1.0679520368576050 1.0679520368576050 1.0679520368576050 1.0679520368576050 1.0679520368576050
1.0032923221588135 1.0032923221588135 1.0032923221588135 1.0032923221588135 1.0032923221588135 1.0032923221588135
1.0113278627395630 1.0113278627395630 1.0113278627395630 1.0113278627395630 1.0113278627395630 1.0113278627395630
1.1099780797958374 1.1099780797958374 1.1099780797958374 1.1099780797958374 1.1099780797958374 1.1099780797958374
1.0174161195755005 1.0174161195755005 1.0174161195755005 1.0174161195755005 1.0174161195755005 1.0174161195755005
1.0709866285324097 1.0709866285324097 1.0709866285324097 1.0709866285324097 1.0709866285324097 1.0709866285324097
1.0130105018615723 1.0130105018615723 1.0130105018615723 1.0130105018615723 1.0130105018615723 1.0130105018615723
1.0279211997985840 1.0279211997985840 1.0279211997985840 1.0279211997985840 1.0279211997985840 1.0279211997985840
0.9506977200508118 0.9506977200508118 0.9506977200508118 0.9506977200508118 0.9506977200508118 0.9506977200508118
0.9711348414421082 0.9711348414421082 0.9711348414421082 0.9711348414421082 0.9711348414421082 0.9711348414421082
0.9964786767959595 0.9964786767959595 0.9964786767959595 0.9964786767959595 0.9964786767959595 0.9964786767959595
1.1450741291046143 1.1450741291046143 1.1450741291046143 1.1450741291046143 1.1450741291046143 1.1450741291046143
1.0532515048980713 1.0532515048980713 1.0532515048980713 1.0532515048980713 1.0532515048980713 1.0532515048980713
1.0472719669342041 1.0472719669342041 1.0472719669342041 1.0472719669342041 1.0472719669342041 1.0472719669342041
1.0638790130615234 1.0638790130615234 1.0638790130615234 1.0638790130615234 1.0638790130615234 1.0638790130615234
1.0146083831787109 1.0146083831787109 1.0146083831787109 1.0146083831787109 1.0146083831787109 1.0146083831787109
1.0736687183380127 1.0736687183380127 1.0736687183380127 1.0736687183380127 1.0736687183380127 1.0736687183380127
1.0044357776641846 1.0044357776641846 1.0044357776641846 1.0044357776641846 1.0044357776641846 1.0044357776641846
1.0969541072845459 1.0969541072845459 1.0969541072845459 1.0969541072845459 1.0969541072845459 1.0969541072845459
0.9954832792282104 0.9954832792282104 0.9954832792282104 0.9954832792282104 0.9954832792282104 0.9954832792282104
1.0324811935424805 1.0324811935424805 1.0324811935424805 1.0324811935424805 1.0324811935424805 1.0324811935424805
1.0081030130386353 1.0081030130386353 1.0081030130386353 1.0081030130386353 1.0081030130386353 1.0081030130386353
0.9068819284439087 0.9068819284439087 0.9068819284439087 0.9068819284439087 0.9068819284439087 0.9068819284439087
0.8954178094863892 0.8954178094863892 0.8954178094863892 0.8954178094863892 0
0.9300565719604492 0.9300565719604492 0.9300565719604492 0.9300565719604492 0
0.9794285297393799 0.9794285297393799 0.9794285297393799 0.9794285297393799 0
0.8905669450759888 0.8905669450759888 0.8905669450759888 0.8905669450759888 0
0.9018496870994568 0.9018496870994568 0.9018496870994568 0.9018496870994568 0
0.9719564318656921 0.9719564318656921 0.9719564318656921 0.9719564318656921 0
0.9827650189399719 0.9827650189399719 0.9827650189399719 0.9827650189399719 0
1.0077724456787109 1.0077724456787109 1.0077724456787109 1.0077724456787109 0
1.0514978170394897 1.0514978170394897 1.0514978170394897 1.0514978170394897 0
1.0984399318695068 1.0984399318695068 1.0984399318695068 1.0984399318695068 0
1.0433727502822876 1.0433727502822876 1.0433727502822876 1.0433727502822876 0
0.9717830419540405 0.9717830419540405 0.9717830419540405 0.9717830419540405 0
1.0495445728302002 1.0495445728302002 1.0495445728302002 1.0495445728302002 0
1.1185352802276611 1.1185352802276611 1.1185352802276611 1.1185352802276611 0
0.8741701245307922 0.8741701245307922 0.8741701245307922 0.8741701245307922 0
1.0377223491668701 1.0377223491668701 1.0377223491668701 1.0377223491668701 0
1.0072288513183594 1.0072288513183594 1.0072288513183594 1.0072288513183594 1.0072288513183594 1.0072288513183594
0.9471803903579712 0.9471803903579712 0.9471803903579712 0.9471803903579712 0.9471803903579712 0.9471803903579712
0.8577674627304077 0.8577674627304077 0.8577674627304077 0.8577674627304077 0.8577674627304077 0.8577674627304077
1.0024209022521973 1.0024209022521973 1.0024209022521973 1.0024209022521973 1.0024209022521973 1.0024209022521973
1.0113941431045532 1.0113941431045532 1.0113941431045532 1.0113941431045532 1.0113941431045532 1.0113941431045532
0.9513784050941467 0.9513784050941467 0.9513784050941467 0.9513784050941467 0.9513784050941467 0.9513784050941467
0.9673774838447571 0.9673774838447571 0.9673774838447571 0.9673774838447571 0.9673774838447571 0.9673774838447571
1.0351666212081909 1.0351666212081909 1.0351666212081909 1.0351666212081909 1.0351666212081909 1.0351666212081909
1.0183978080749512 1.0183978080749512 1.0183978080749512 1.0183978080749512 1.0183978080749512 1.0183978080749512
0.8887239694595337 0.8887239694595337 0.8887239694595337 0.8887239694595337 0.8887239694595337 0.8887239694595337
1.0054404735565186 1.0054404735565186 1.0054404735565186 1.0054404735565186 1.0054404735565186 1.0054404735565186
0.9194251298904419 0.9194251298904419 0.9194251298904419 0.9194251298904419 0.9194251298904419 0.9194251298904419
1.0238629579544067 1.0238629579544067 1.0238629579544067 1.0238629579544067 1.0238629579544067 1.0238629579544067
1.0378774404525757 1.0378774404525757 1.0378774404525757 1.0378774404525757 1.0378774404525757 1.0378774404525757
1.0335819721221924 1.0335819721221924 1.0335819721221924 1.0335819721221924 1.0335819721221924 1.0335819721221924
1.0253442525863647 1.0253442525863647 1.0253442525863647 1.0253442525863647 1.0253442525863647 1.0253442525863647
1.0468750000000000 1.0468750000000000 1.0468750000000000 1.0468750000000000 1.0468750000000000 1.0468750000000000
0.9454297423362732 0.9454297423362732 0.9454297423362732 0.9454297423362732 0.9454297423362732 0.9454297423362732
1.0478545427322388 1.0478545427322388 1.0478545427322388 1.0478545427322388 1.0478545427322388 1.0478545427322388
1.0193173885345459 1.0193173885345459 1.0193173885345459 1.0193173885345459 1.0193173885345459 1.0193173885345459
1.0669313669204712 1.0669313669204712 1.0669313669204712 1.0669313669204712 1.0669313669204712 1.0669313669204712
0.9881735444068909 0.9881735444068909 0.9881735444068909 0.9881735444068909 0.9881735444068909 0.9881735444068909
1.0669521093368530 1.0669521093368530 1.0669521093368530 1.0669521093368530 1.0669521093368530 1.0669521093368530
1.1287631988525391 1.1287631988525391 1.1287631988525391 1.1287631988525391 1.1287631988525391 1.1287631988525391
1.0973241329193115 1.0973241329193115 1.0973241329193115 1.0973241329193115 1.0973241329193115 1.0973241329193115
0.9702843427658081 0.9702843427658081 0.9702843427658081 0.9702843427658081 0.9702843427658081 0.9702843427658081
1.0527714490890503 1.0527714490890503 1.0527714490890503 1.0527714490890503 1.0527714490890503 1.0527714490890503
1.0471299886703491 1.0471299886703491 1.0471299886703491 1.0471299886703491 1.0471299886703491 1.0471299886703491
1.0219043493270874 1.0219043493270874 1.0219043493270874 1.0219043493270874 1.0219043493270874 1.0219043493270874
1.1086359024047852 1.1086359024047852 1.1086359024047852 1.1086359024047852 1.1086359024047852 1.1086359024047852
1.0874651670455933 1.0874651670455933 1.0874651670455933 1.0874651670455933 1.0874651670455933 1.0874651670455933
1.0647552013397217 1.0647552013397217 1.0647552013397217 1.0647552013397217 1.0647552013397217 1.0647552013397217
0.8432720303535461 0.8432720303535461 0.8432720303535461 0.8432720303535461 0
0.8808815479278564 0.8808815479278564 0.8808815479278564 0.8808815479278564 0
0.9566805958747864 0.9566805958747864 0.9566805958747864 0.9566805958747864 0
0.8656278848648071 0.8656278848648071 0.8656278848648071 0.8656278848648071 0
0.9187451004981995 0.9187451004981995 0.9187451004981995 0.9187451004981995 0
0.9224795103073120 0.9224795103073120 0.9224795103073120 0.9224795103073120 0
0.9076979756355286 0.9076979756355286 0.9076979756355286 0.9076979756355286 0
0.9123309850692749 0.9123309850692749 0.9123309850692749 0.9123309850692749 0
1.0020943880081177 1.0020943880081177 1.0020943880081177 1.0020943880081177 0
0.9579672217369080 0.9579672217369080 0.9579672217369080 0.9579672217369080 0
0.8900355696678162 0.8900355696678162 0.8900355696678162 0.8900355696678162 0
0.9368545413017273 0.9368545413017273 0.9368545413017273 0.9368545413017273 0
0.9591665267944336 0.9591665267944336 0.9591665267944336 0.9591665267944336 0
0.8732835650444031 0.8732835650444031 0.8732835650444031 0.8732835650444031 0
0.9351784586906433 0.9351784586906433 0.9351784586906433 0.9351784586906433 0
0.9349541664123535 0.9349541664123535 0.9349541664123535 0.9349541664123535 0
1.0816918611526489 1.0816918611526489 1.0816918611526489 1.0816918611526489 1.0816918611526489 1.0816918611526489
1.0435490608215332 1.0435490608215332 1.0435490608215332 1.0435490608215332 1.0435490608215332 1.0435490608215332
1.0568370819091797 1.0568370819091797 1.0568370819091797 1.0568370819091797 1.0568370819091797 1.0568370819091797
1.0081822872161865 1.0081822872161865 1.0081822872161865 1.0081822872161865 1.0081822872161865 1.0081822872161865
1.0086987018585205 1.0086987018585205 1.0086987018585205 1.0086987018585205 1.0086987018585205 1.0086987018585205
0.9812601804733276 0.9812601804733276 0.9812601804733276 0.9812601804733276 0.9812601804733276 0.9812601804733276
1.0371210575103760 1.0371210575103760 1.0371210575103760 1.0371210575103760 1.0371210575103760 1.0371210575103760
0.9538390040397644 0.9538390040397644 0.9538390040397644 0.9538390040397644 0.9538390040397644 0.9538390040397644
1.0484157800674438 1.0484157800674438 1.0484157800674438 1.0484157800674438 1.0484157800674438 1.0484157800674438
1.0385098457336426 1.0385098457336426 1.0385098457336426 1.0385098457336426 1.0385098457336426 1.0385098457336426
1.1673187017440796 1.1673187017440796 1.1673187017440796 1.1673187017440796 1.1673187017440796 1.1673187017440796
1.0278670787811279 1.0278670787811279 1.0278670787811279 1.0278670787811279 1.0278670787811279 1.0278670787811279
1.0199363231658936 1.0199363231658936 1.0199363231658936 1.0199363231658936 1.0199363231658936 1.0199363231658936
0.9883310794830322 0.9883310794830322 0.9883310794830322 0.9883310794830322 0.9883310794830322 0.9883310794830322
1.0825324058532715 1.0825324058532715 1.0825324058532715 1.0825324058532715 1.0825324058532715 1.0825324058532715
0.9730144143104553 0.9730144143104553 0.9730144143104553 0.9730144143104553 0.9730144143104553 0.9730144143104553
1.0746395587921143 1.0746395587921143 1.0746395587921143 1.0746395587921143 1.0746395587921143 1.0746395587921143
1.0724418163299561 1.0724418163299561 1.0724418163299561 1.0724418163299561 1.0724418163299561 1.0724418163299561
1.0855176448822021 1.0855176448822021 1.0855176448822021 1.0855176448822021 1.0855176448822021 1.0855176448822021
1.0496066808700562 1.0496066808700562 1.0496066808700562 1.0496066808700562 1.0496066808700562 1.0496066808700562
1.0099184513092041 1.0099184513092041 1.0099184513092041 1.0099184513092041 1.0099184513092041 1.0099184513092041
1.0072083473205566 1.0072083473205566 1.0072083473205566 1.0072083473205566 1.0072083473205566 1.0072083473205566
1.0559589862823486 1.0559589862823486 1.0559589862823486 1.0559589862823486 1.0559589862823486 1.0559589862823486
0.9840978384017944 0.9840978384017944 0.9840978384017944 0.9840978384017944 0.9840978384017944 0.9840978384017944
0.9894766807556152 0.9894766807556152 0.9894766807556152 0.9894766807556152 0.9894766807556152 0.9894766807556152
1.1510490179061890 1.1510490179061890 1.1510490179061890 1.1510490179061890 1.1510490179061890 1.1510490179061890
0.9833598136901855 0.9833598136901855 0.9833598136901855 0.9833598136901855 0.9833598136901855 0.9833598136901855
0.9684803485870361 0.9684803485870361 0.9684803485870361 0.9684803485870361 0.9684803485870361 0.9684803485870361
0.9851763844490051 0.9851763844490051 0.9851763844490051 0.9851763844490051 0.9851763844490051 0.9851763844490051
1.0168423652648926 1.0168423652648926 1.0168423652648926 1.0168423652648926 1.0168423652648926 1.0168423652648926
0.9572432041168213 0.9572432041168213 0.9572432041168213 0.9572432041168213 0.9572432041168213 0.9572432041168213
0.9986474514007568 0.9986474514007568 0.9986474514007568 0.9986474514007568 0.9986474514007568 0.9986474514007568
0.9611271619796753 0.9611271619796753 0.9611271619796753 0.9611271619796753 0
1.0286301374435425 1.0286301374435425 1.0286301374435425 1.0286301374435425 0
0.9254401922225952 0.9254401922225952 0.9254401922225952 0.9254401922225952 0
0.8688917160034180 0.8688917160034180 0.8688917160034180 0.8688917160034180 0
0.9991363286972046 0.9991363286972046 0.9991363286972046 0.9991363286972046 0
0.9341280460357666 0.9341280460357666 0.9341280460357666 0.9341280460357666 0
0.9464202523231506 0.9464202523231506 0.9464202523231506 0.9464202523231506 0
0.9307882785797119 0.9307882785797119 0.9307882785797119 0.9307882785797119 0
0.8553888797760010 0.8553888797760010 0.8553888797760010 0.8553888797760010 0
0.9433029294013977 0.9433029294013977 0.9433029294013977 0.9433029294013977 0
0.9158575534820557 0.9158575534820557 0.9158575534820557 0.9158575534820557 0
0.9400579333305359 0.9400579333305359 0.9400579333305359 0.9400579333305359 0
0.9457773566246033 0.9457773566246033 0.9457773566246033 0.9457773566246033 0
0.8988007307052612 0.8988007307052612 0.8988007307052612 0.8988007307052612 0
0.8402308821678162 0.8402308821678162 0.8402308821678162 0.8402308821678162 0
0.8651683926582336 0.8651683926582336 0.8651683926582336 0.8651683926582336 0
1.0085260868072510 1.0085260868072510 1.0085260868072510 1.0085260868072510 1.0085260868072510 1.0085260868072510
1.0808795690536499 1.0808795690536499 1.0808795690536499 1.0808795690536499 1.0808795690536499 1.0808795690536499
1.0152779817581177 1.0152779817581177 1.0152779817581177 1.0152779817581177 1.0152779817581177 1.0152779817581177
1.0385690927505493 1.0385690927505493 1.0385690927505493 1.0385690927505493 1.0385690927505493 1.0385690927505493
1.0750962495803833 1.0750962495803833 1.0750962495803833 1.0750962495803833 1.0750962495803833 1.0750962495803833
0.9936508536338806 0.9936508536338806 0.9936508536338806 0.9936508536338806 0.9936508536338806 0.9936508536338806
1.0027794837951660 1.0027794837951660 1.0027794837951660 1.0027794837951660 1.0027794837951660 1.0027794837951660
0.9637808203697205 0.9637808203697205 0.9637808203697205 0.9637808203697205 0.9637808203697205 0.9637808203697205
0.9726476669311523 0.9726476669311523 0.9726476669311523 0.9726476669311523 0.9726476669311523 0.9726476669311523
1.0707678794860840 1.0707678794860840 1.0707678794860840 1.0707678794860840 1.0707678794860840 1.0707678794860840
1.0079430341720581 1.0079430341720581 1.0079430341720581 1.0079430341720581 1.0079430341720581 1.0079430341720581
1.1136147975921631 1.1136147975921631 1.1136147975921631 1.1136147975921631 1.1136147975921631 1.1136147975921631
0.9781545996665955 0.9781545996665955 0.9781545996665955 0.9781545996665955 0.9781545996665955 0.9781545996665955
1.1315542459487915 1.1315542459487915 1.1315542459487915 1.1315542459487915 1.1315542459487915 1.1315542459487915
1.0347176790237427 1.0347176790237427 1.0347176790237427 1.0347176790237427 1.0347176790237427 1.0347176790237427
1.0075967311859131 1.0075967311859131 1.0075967311859131 1.0075967311859131 1.0075967311859131 1.0075967311859131
0.9861955642700195 0.9861955642700195 0.9861955642700195 0.9861955642700195 0.9861955642700195 0.9861955642700195
1.0119022130966187 1.0119022130966187 1.0119022130966187 1.0119022130966187 1.0119022130966187 1.0119022130966187
1.0284854173660278 1.0284854173660278 1.0284854173660278 1.0284854173660278 1.0284854173660278 1.0284854173660278
0.9977814555168152 0.9977814555168152 0.9977814555168152 0.9977814555168152 0.9977814555168152 0.9977814555168152
1.0478873252868652 1.0478873252868652 1.0478873252868652 1.0478873252868652 1.0478873252868652 1.0478873252868652
1.0150601863861084 1.0150601863861084 1.0150601863861084 1.0150601863861084 1.0150601863861084 1.0150601863861084
0.9781596660614014 0.9781596660614014 0.9781596660614014 0.9781596660614014 0.9781596660614014 0.9781596660614014
0.9843276143074036 0.9843276143074036 0.9843276143074036 0.9843276143074036 0.9843276143074036 0.9843276143074036
1.0930669307708740 1.0930669307708740 1.0930669307708740 1.0930669307708740 1.0930669307708740 1.0930669307708740
1.0202604532241821 1.0202604532241821 1.0202604532241821 1.0202604532241821 1.0202604532241821 1.0202604532241821
0.9695404171943665 0.9695404171943665 0.9695404171943665 0.9695404171943665 0.9695404171943665 0.9695404171943665
0.9673058986663818 0.9673058986663818 0.9673058986663818 0.9673058986663818 0.9673058986663818 0.9673058986663818
1.0759892463684082 1.0759892463684082 1.0759892463684082 1.0759892463684082 1.0759892463684082 1.0759892463684082
1.0646928548812866 1.0646928548812866 1.0646928548812866 1.0646928548812866 1.0646928548812866 1.0646928548812866
1.0240112543106079 1.0240112543106079 1.0240112543106079 1.0240112543106079 1.0240112543106079 1.0240112543106079
1.0237417221069336 1.0237417221069336 1.0237417221069336 1.0237417221069336 1.0237417221069336 1.0237417221069336
1.0130045413970947 1.0130045413970947 1.0130045413970947 1.0130045413970947 0
0.9690658450126648 0.9690658450126648 0.9690658450126648 0.9690658450126648 0
1.0247899293899536 1.0247899293899536 1.0247899293899536 1.0247899293899536 0
0.9837761521339417 0.9837761521339417 0.9837761521339417 0.9837761521339417 0
1.0048438310623169 1.0048438310623169 1.0048438310623169 1.0048438310623169 0
0.9603948593139648 0.9603948593139648 0.9603948593139648 0.9603948593139648 0
1.0408310890197754 1.0408310890197754 1.0408310890197754 1.0408310890197754 0
1.0569111108779907 1.0569111108779907 1.0569111108779907 1.0569111108779907 0
1.0021256208419800 1.0021256208419800 1.0021256208419800 1.0021256208419800 0
1.0064882040023804 1.0064882040023804 1.0064882040023804 1.0064882040023804 0
0.9240214824676514 0.9240214824676514 0.9240214824676514 0.9240214824676514 0
0.9559327960014343 0.9559327960014343 0.9559327960014343 0.9559327960014343 0
1.0443772077560425 1.0443772077560425 1.0443772077560425 1.0443772077560425 0
0.8672256469726562 0.8672256469726562 0.8672256469726562 0.8672256469726562 0
0.9636057615280151 0.9636057615280151 0.9636057615280151 0.9636057615280151 0
1.0235635042190552 1.0235635042190552 1.0235635042190552 1.0235635042190552 0
1.0607594251632690 1.0607594251632690 1.0607594251632690 1.0607594251632690 1.0607594251632690 1.0607594251632690
0.9557949900627136 0.9557949900627136 0.9557949900627136 0.9557949900627136 0.9557949900627136 0.9557949900627136
1.0512397289276123 1.0512397289276123 1.0512397289276123 1.0512397289276123 1.0512397289276123 1.0512397289276123
1.0829048156738281 1.0829048156738281 1.0829048156738281 1.0829048156738281 1.0829048156738281 1.0829048156738281
0.9930657148361206 0.9930657148361206 0.9930657148361206 0.9930657148361206 0.9930657148361206 0.9930657148361206
1.0231183767318726 1.0231183767318726 1.0231183767318726 1.0231183767318726 1.0231183767318726 1.0231183767318726
1.0396509170532227 1.0396509170532227 1.0396509170532227 1.0396509170532227 1.0396509170532227 1.0396509170532227
1.0097032785415649 1.0097032785415649 1.0097032785415649 1.0097032785415649 1.0097032785415649 1.0097032785415649
1.0281099081039429 1.0281099081039429 1.0281099081039429 1.0281099081039429 1.0281099081039429 1.0281099081039429
1.0598669052124023 1.0598669052124023 1.0598669052124023 1.0598669052124023 1.0598669052124023 1.0598669052124023
0.9547367691993713 0.9547367691993713 0.9547367691993713 0.9547367691993713 0.9547367691993713 0.9547367691993713
1.0987423658370972 1.0987423658370972 1.0987423658370972 1.0987423658370972 1.0987423658370972 1.0987423658370972
1.0838577747344971 1.0838577747344971 1.0838577747344971 1.0838577747344971 1.0838577747344971 1.0838577747344971
1.0944652557373047 1.0944652557373047 1.0944652557373047 1.0944652557373047 1.0944652557373047 1.0944652557373047
0.9864844679832458 0.9864844679832458 0.9864844679832458 0.9864844679832458 0.9864844679832458 0.9864844679832458
1.0657174587249756 1.0657174587249756 1.0657174587249756 1.0657174587249756 1.0657174587249756 1.0657174587249756
0.9483391046524048 0.9483391046524048 0.9483391046524048 0.9483391046524048 0.9483391046524048 0.9483391046524048
1.0540726184844971 1.0540726184844971 1.0540726184844971 1.0540726184844971 1.0540726184844971 1.0540726184844971
1.1213852167129517 1.1213852167129517 1.1213852167129517 1.1213852167129517 1.1213852167129517 1.1213852167129517
1.0701566934585571 1.0701566934585571 1.0701566934585571 1.0701566934585571 1.0701566934585571 1.0701566934585571
1.0005443096160889 1.0005443096160889 1.0005443096160889 1.0005443096160889 1.0005443096160889 1.0005443096160889
0.9156770110130310 0.9156770110130310 0.9156770110130310 0.9156770110130310 0.9156770110130310 0.9156770110130310
1.0365029573440552 1.0365029573440552 1.0365029573440552 1.0365029573440552 1.0365029573440552 1.0365029573440552
1.1222257614135742 1.1222257614135742 1.1222257614135742 1.1222257614135742 1.1222257614135742 1.1222257614135742
0.9183154106140137 0.9183154106140137 0.9183154106140137 0.9183154106140137 0.9183154106140137 0.9183154106140137
1.0185222625732422 1.0185222625732422 1.0185222625732422 1.0185222625732422 1.0185222625732422 1.0185222625732422
0.9640595316886902 0.9640595316886902 0.9640595316886902 0.9640595316886902 0.9640595316886902 0.9640595316886902
1.0193514823913574 1.0193514823913574 1.0193514823913574 1.0193514823913574 1.0193514823913574 1.0193514823913574
1.0469650030136108 1.0469650030136108 1.0469650030136108 1.0469650030136108 1.0469650030136108 1.0469650030136108
1.0207144021987915 1.0207144021987915 1.0207144021987915 1.0207144021987915 1.0207144021987915 1.0207144021987915
0.9952561855316162 0.9952561855316162 0.9952561855316162 0.9952561855316162 0.9952561855316162 0.9952561855316162
1.0348526239395142 1.0348526239395142 1.0348526239395142 1.0348526239395142 1.0348526239395142 1.0348526239395142
1.0807477235794067 1.0807477235794067 1.0807477235794067 1.0807477235794067 0
1.0191706418991089 1.0191706418991089 1.0191706418991089 1.0191706418991089 0
1.0125694274902344 1.0125694274902344 1.0125694274902344 1.0125694274902344 0
0.9677062034606934 0.9677062034606934 0.9677062034606934 0.9677062034606934 0
1.0765392780303955 1.0765392780303955 1.0765392780303955 1.0765392780303955 0
0.9412479400634766 0.9412479400634766 0.9412479400634766 0.9412479400634766 0
0.9597206115722656 0.9597206115722656 0.9597206115722656 0.9597206115722656 0
0.9222448468208313 0.9222448468208313 0.9222448468208313 0.9222448468208313 0
0.9293355941772461 0.9293355941772461 0.9293355941772461 0.9293355941772461 0
0.9895477890968323 0.9895477890968323 0.9895477890968323 0.9895477890968323 0
0.9361447691917419 0.9361447691917419 0.9361447691917419 0.9361447691917419 0
1.0299693346023560 1.0299693346023560 1.0299693346023560 1.0299693346023560 0
0.9936781525611877 0.9936781525611877 0.9936781525611877 0.9936781525611877 0
1.0116575956344604 1.0116575956344604 1.0116575956344604 1.0116575956344604 0
0.9573153257369995 0.9573153257369995 0.9573153257369995 0.9573153257369995 0
0.9497774243354797 0.9497774243354797 0.9497774243354797 0.9497774243354797 0
1.0944396257400513 1.0944396257400513 1.0944396257400513 1.0944396257400513 1.0944396257400513 1.0944396257400513
0.9704959988594055 0.9704959988594055 0.9704959988594055 0.9704959988594055 0.9704959988594055 0.9704959988594055
1.0903933048248291 1.0903933048248291 1.0903933048248291 1.0903933048248291 1.0903933048248291 1.0903933048248291
1.0801717042922974 1.0801717042922974 1.0801717042922974 1.0801717042922974 1.0801717042922974 1.0801717042922974
1.0416363477706909 1.0416363477706909 1.0416363477706909 1.0416363477706909 1.0416363477706909 1.0416363477706909
1.0460072755813599 1.0460072755813599 1.0460072755813599 1.0460072755813599 1.0460072755813599 1.0460072755813599
0.9614176154136658 0.9614176154136658 0.9614176154136658 0.9614176154136658 0.9614176154136658 0.9614176154136658
1.0246524810791016 1.0246524810791016 1.0246524810791016 1.0246524810791016 1.0246524810791016 1.0246524810791016
1.0607979297637939 1.0607979297637939 1.0607979297637939 1.0607979297637939 1.0607979297637939 1.0607979297637939
1.0290421247482300 1.0290421247482300 1.0290421247482300 1.0290421247482300 1.0290421247482300 1.0290421247482300
0.9596468806266785 0.9596468806266785 0.9596468806266785 0.9596468806266785 0.9596468806266785 0.9596468806266785
1.0339008569717407 1.0339008569717407 1.0339008569717407 1.0339008569717407 1.0339008569717407 1.0339008569717407
1.0571373701095581 1.0571373701095581 1.0571373701095581 1.0571373701095581 1.0571373701095581 1.0571373701095581
0.9896428585052490 0.9896428585052490 0.9896428585052490 0.9896428585052490 0.9896428585052490 0.9896428585052490
1.1006579399108887 1.1006579399108887 1.1006579399108887 1.1006579399108887 1.1006579399108887 1.1006579399108887
1.0058444738388062 1.0058444738388062 1.0058444738388062 1.0058444738388062 1.0058444738388062 1.0058444738388062
1.0071821212768555 1.0071821212768555 1.0071821212768555 1.0071821212768555 1.0071821212768555 1.0071821212768555
0.9525342583656311 0.9525342583656311 0.9525342583656311 0.9525342583656311 0.9525342583656311 0.9525342583656311
1.0188938379287720 1.0188938379287720 1.0188938379287720 1.0188938379287720 1.0188938379287720 1.0188938379287720
1.0866918563842773 1.0866918563842773 1.0866918563842773 1.0866918563842773 1.0866918563842773 1.0866918563842773
0.9366473555564880 0.9366473555564880 0.9366473555564880 0.9366473555564880 0.9366473555564880 0.9366473555564880
1.0148468017578125 1.0148468017578125 1.0148468017578125 1.0148468017578125 1.0148468017578125 1.0148468017578125
0.9915394186973572 0.9915394186973572 0.9915394186973572 0.9915394186973572 0.9915394186973572 0.9915394186973572
1.0392556190490723 1.0392556190490723 1.0392556190490723 1.0392556190490723 1.0392556190490723 1.0392556190490723
0.9911753535270691 0.9911753535270691 0.9911753535270691 0.9911753535270691 0.9911753535270691 0.9911753535270691
0.9915657043457031 0.9915657043457031 0.9915657043457031 0.9915657043457031 0.9915657043457031 0.9915657043457031
1.0290683507919312 1.0290683507919312 1.0290683507919312 1.0290683507919312 1.0290683507919312 1.0290683507919312
1.0693211555480957 1.0693211555480957 1.0693211555480957 1.0693211555480957 1.0693211555480957 1.0693211555480957
1.0032536983489990 1.0032536983489990 1.0032536983489990 1.0032536983489990 1.0032536983489990 1.0032536983489990
1.0056492090225220 1.0056492090225220 1.0056492090225220 1.0056492090225220 1.0056492090225220 1.0056492090225220
1.0260148048400879 1.0260148048400879 1.0260148048400879 1.0260148048400879 1.0260148048400879 1.0260148048400879
1.0223530530929565 1.0223530530929565 1.0223530530929565 1.0223530530929565 1.0223530530929565 1.0223530530929565
1.0460835695266724 1.0460835695266724 1.0460835695266724 1.0460835695266724 0
0.9959789514541626 0.9959789514541626 0.9959789514541626 0.9959789514541626 0
1.0828945636749268 1.0828945636749268 1.0828945636749268 1.0828945636749268 0
1.0917626619338989 1.0917626619338989 1.0917626619338989 1.0917626619338989 0
1.0276244878768921 1.0276244878768921 1.0276244878768921 1.0276244878768921 0
1.1177731752395630 1.1177731752395630 1.1177731752395630 1.1177731752395630 0
0.9601900577545166 0.9601900577545166 0.9601900577545166 0.9601900577545166 0
1.0238491296768188 1.0238491296768188 1.0238491296768188 1.0238491296768188 0
1.0560374259948730 1.0560374259948730 1.0560374259948730 1.0560374259948730 0
0.9353858828544617 0.9353858828544617 0.9353858828544617 0.9353858828544617 0
0.9992661476135254 0.9992661476135254 0.9992661476135254 0.9992661476135254 0
0.9884480834007263 0.9884480834007263 0.9884480834007263 0.9884480834007263 0
1.0460745096206665 1.0460745096206665 1.0460745096206665 1.0460745096206665 0
1.0074263811111450 1.0074263811111450 1.0074263811111450 1.0074263811111450 0
1.0244120359420776 1.0244120359420776 1.0244120359420776 1.0244120359420776 0
1.0689710378646851 1.0689710378646851 1.0689710378646851 1.0689710378646851 0
1.0374377965927124 1.0374377965927124 1.0374377965927124 1.0374377965927124 1.0374377965927124 1.0374377965927124
1.0377687215805054 1.0377687215805054 1.0377687215805054 1.0377687215805054 1.0377687215805054 1.0377687215805054
1.0564640760421753 1.0564640760421753 1.0564640760421753 1.0564640760421753 1.0564640760421753 1.0564640760421753
1.0591977834701538 1.0591977834701538 1.0591977834701538 1.0591977834701538 1.0591977834701538 1.0591977834701538
1.0829906463623047 1.0829906463623047 1.0829906463623047 1.0829906463623047 1.0829906463623047 1.0829906463623047
1.1213216781616211 1.1213216781616211 1.1213216781616211 1.1213216781616211 1.1213216781616211 1.1213216781616211
0.9541732072830200 0.9541732072830200 0.9541732072830200 0.9541732072830200 0.9541732072830200 0.9541732072830200
1.0157582759857178 1.0157582759857178 1.0157582759857178 1.0157582759857178 1.0157582759857178 1.0157582759857178
1.0157293081283569 1.0157293081283569 1.0157293081283569 1.0157293081283569 1.0157293081283569 1.0157293081283569
1.0476207733154297 1.0476207733154297 1.0476207733154297 1.0476207733154297 1.0476207733154297 1.0476207733154297
1.0900774002075195 1.0900774002075195 1.0900774002075195 1.0900774002075195 1.0900774002075195 1.0900774002075195
1.0229853391647339 1.0229853391647339 1.0229853391647339 1.0229853391647339 1.0229853391647339 1.0229853391647339
1.1249372959136963 1.1249372959136963 1.1249372959136963 1.1249372959136963 1.1249372959136963 1.1249372959136963
0.9554201364517212 0.9554201364517212 0.9554201364517212 0.9554201364517212 0.9554201364517212 0.9554201364517212
1.0715841054916382 1.0715841054916382 1.0715841054916382 1.0715841054916382 1.0715841054916382 1.0715841054916382
1.0758373737335205 1.0758373737335205 1.0758373737335205 1.0758373737335205 1.0758373737335205 1.0758373737335205
1.0166395902633667 1.0166395902633667 1.0166395902633667 1.0166395902633667 1.0166395902633667 1.0166395902633667
1.0326637029647827 1.0326637029647827 1.0326637029647827 1.0326637029647827 1.0326637029647827 1.0326637029647827
0.9939584732055664 0.9939584732055664 0.9939584732055664 0.9939584732055664 0.9939584732055664 0.9939584732055664
1.0696688890457153 1.0696688890457153 1.0696688890457153 1.0696688890457153 1.0696688890457153 1.0696688890457153
0.9696913361549377 0.9696913361549377 0.9696913361549377 0.9696913361549377 0.9696913361549377 0.9696913361549377
1.0466574430465698 1.0466574430465698 1.0466574430465698 1.0466574430465698 1.0466574430465698 1.0466574430465698
1.0227525234222412 1.0227525234222412 1.0227525234222412 1.0227525234222412 1.0227525234222412 1.0227525234222412
0.9919851422309875 0.9919851422309875 0.9919851422309875 0.9919851422309875 0.9919851422309875 0.9919851422309875
0.9823066592216492 0.9823066592216492 0.9823066592216492 0.9823066592216492 0.9823066592216492 0.9823066592216492
0.9661169648170471 0.9661169648170471 0.9661169648170471 0.9661169648170471 0.9661169648170471 0.9661169648170471
0.9347688555717468 0.9347688555717468 0.9347688555717468 0.9347688555717468 0.9347688555717468 0.9347688555717468
1.0070471763610840 1.0070471763610840 1.0070471763610840 1.0070471763610840 1.0070471763610840 1.0070471763610840
1.0656636953353882 1.0656636953353882 1.0656636953353882 1.0656636953353882 1.0656636953353882 1.0656636953353882
1.0310544967651367 1.0310544967651367 1.0310544967651367 1.0310544967651367 1.0310544967651367 1.0310544967651367
1.0529627799987793 1.0529627799987793 1.0529627799987793 1.0529627799987793 1.0529627799987793 1.0529627799987793
1.1209772825241089 1.1209772825241089 1.1209772825241089 1.1209772825241089 1.1209772825241089 1.1209772825241089
1.0801757574081421 1.0801757574081421 1.0801757574081421 1.0801757574081421 0
0.9841806292533875 0.9841806292533875 0.9841806292533875 0.9841806292533875 0
1.0477360486984253 1.0477360486984253 1.0477360486984253 1.0477360486984253 0
0.9683538079261780 0.9683538079261780 0.9683538079261780 0.9683538079261780 0
1.0061649084091187 1.0061649084091187 1.0061649084091187 1.0061649084091187 0
1.0411087274551392 1.0411087274551392 1.0411087274551392 1.0411087274551392 0
1.0182864665985107 1.0182864665985107 1.0182864665985107 1.0182864665985107 0
1.0238322019577026 1.0238322019577026 1.0238322019577026 1.0238322019577026 0
1.0950959920883179 1.0950959920883179 1.0950959920883179 1.0950959920883179 0
1.0305546522140503 1.0305546522140503 1.0305546522140503 1.0305546522140503 0
1.0439989566802979 1.0439989566802979 1.0439989566802979 1.0439989566802979 0
1.0131669044494629 1.0131669044494629 1.0131669044494629 1.0131669044494629 0
1.0441043376922607 1.0441043376922607 1.0441043376922607 1.0441043376922607 0
1.0665006637573242 1.0665006637573242 1.0665006637573242 1.0665006637573242 0
1.0575219392776489 1.0575219392776489 1.0575219392776489 1.0575219392776489 0
1.0831774473190308 1.0831774473190308 1.0831774473190308 1.0831774473190308 0
1.1193585395812988 1.1193585395812988 1.1193585395812988 1.1193585395812988 1.1193585395812988 1.1193585395812988
0.9788416624069214 0.9788416624069214 0.9788416624069214 0.9788416624069214 0.9788416624069214 0.9788416624069214
0.9868605732917786 0.9868605732917786 0.9868605732917786 0.9868605732917786 0.9868605732917786 0.9868605732917786
1.0753968954086304 1.0753968954086304 1.0753968954086304 1.0753968954086304 1.0753968954086304 1.0753968954086304
1.0371580123901367 1.0371580123901367 1.0371580123901367 1.0371580123901367 1.0371580123901367 1.0371580123901367
1.1311345100402832 1.1311345100402832 1.1311345100402832 1.1311345100402832 1.1311345100402832 1.1311345100402832
1.0334868431091309 1.0334868431091309 1.0334868431091309 1.0334868431091309 1.0334868431091309 1.0334868431091309
0.9880745410919189 0.9880745410919189 0.9880745410919189 0.9880745410919189 0.9880745410919189 0.9880745410919189
1.0391825437545776 1.0391825437545776 1.0391825437545776 1.0391825437545776 1.0391825437545776 1.0391825437545776
1.0568212270736694 1.0568212270736694 1.0568212270736694 1.0568212270736694 1.0568212270736694 1.0568212270736694
1.0415960550308228 1.0415960550308228 1.0415960550308228 1.0415960550308228 1.0415960550308228 1.0415960550308228
1.1180415153503418 1.1180415153503418 1.1180415153503418 1.1180415153503418 1.1180415153503418 1.1180415153503418
1.0480744838714600 1.0480744838714600 1.0480744838714600 1.0480744838714600 1.0480744838714600 1.0480744838714600
0.9088200926780701 0.9088200926780701 0.9088200926780701 0.9088200926780701 0.9088200926780701 0.9088200926780701
1.0126212835311890 1.0126212835311890 1.0126212835311890 1.0126212835311890 1.0126212835311890 1.0126212835311890
1.0130006074905396 1.0130006074905396 1.0130006074905396 1.0130006074905396 1.0130006074905396 1.0130006074905396
0.9607045054435730 0.9607045054435730 0.9607045054435730 0.9607045054435730 0.9607045054435730 0.9607045054435730
0.9984142780303955 0.9984142780303955 0.9984142780303955 0.9984142780303955 0.9984142780303955 0.9984142780303955
0.8904311060905457 0.8904311060905457 0.8904311060905457 0.8904311060905457 0.8904311060905457 0.8904311060905457
1.0374864339828491 1.0374864339828491 1.0374864339828491 1.0374864339828491 1.0374864339828491 1.0374864339828491
1.0613799095153809 1.0613799095153809 1.0613799095153809 1.0613799095153809 1.0613799095153809 1.0613799095153809
1.0132324695587158 1.0132324695587158 1.0132324695587158 1.0132324695587158 1.0132324695587158 1.0132324695587158
1.0627588033676147 1.0627588033676147 1.0627588033676147 1.0627588033676147 1.0627588033676147 1.0627588033676147
1.0015788078308105 1.0015788078308105 1.0015788078308105 1.0015788078308105 1.0015788078308105 1.0015788078308105
1.0589356422424316 1.0589356422424316 1.0589356422424316 1.0589356422424316 1.0589356422424316 1.0589356422424316
1.1632891893386841 1.1632891893386841 1.1632891893386841 1.1632891893386841 1.1632891893386841 1.1632891893386841
1.0811644792556763 1.0811644792556763 1.0811644792556763 1.0811644792556763 1.0811644792556763 1.0811644792556763
1.0863171815872192 1.0863171815872192 1.0863171815872192 1.0863171815872192 1.0863171815872192 1.0863171815872192
0.9865802526473999 0.9865802526473999 0.9865802526473999 0.9865802526473999 0.9865802526473999 0.9865802526473999
0.9690966606140137 0.9690966606140137 0.9690966606140137 0.9690966606140137 0.9690966606140137 0.9690966606140137
1.0643100738525391 1.0643100738525391 1.0643100738525391 1.0643100738525391 1.0643100738525391 1.0643100738525391
0.9865549206733704 0.9865549206733704 0.9865549206733704 0.9865549206733704 0.9865549206733704 0.9865549206733704
