6
64 30
0.4740078449249268 0.4740078449249268 0.4740078449249268 0.4740078449249268
0.4602992534637451 0.4602992534637451 0.4602992534637451 0.4602992534637451
0.4633614718914032 0.4633614718914032 0.4633614718914032 0.4633614718914032
0.4521455764770508 0.4521455764770508 0.4521455764770508 0.4521455764770508
0.4528145790100098 0.4528145790100098 0.4528145790100098 0.4528145790100098
0.4562784135341644 0.4562784135341644 0.4562784135341644 0.4562784135341644
0.4644293785095215 0.4644293785095215 0.4644293785095215 0.4644293785095215
0.4592076539993286 0.4592076539993286 0.4592076539993286 0.4592076539993286
0.4584341943264008 0.4584341943264008 0.4584341943264008 0.4584341943264008
0.4532927870750427 0.4532927870750427 0.4532927870750427 0.4532927870750427
0.4705646336078644 0.4705646336078644 0.4705646336078644 0.4705646336078644
0.4521066844463348 0.4521066844463348 0.4521066844463348 0.4521066844463348
0.4491960108280182 0.4491960108280182 0.4491960108280182 0.4491960108280182
0.4644466936588287 0.4644466936588287 0.4644466936588287 0.4644466936588287
0.4532717466354370 0.4532717466354370 0.4532717466354370 0.4532717466354370
0.4707501530647278 0.4707501530647278 0.4707501530647278 0.4707501530647278
0.4448378682136536 0.4448378682136536 0.4448378682136536 0.4448378682136536
0.4628485441207886 0.4628485441207886 0.4628485441207886 0.4628485441207886
0.4553823173046112 0.4553823173046112 0.4553823173046112 0.4553823173046112
0.4537818431854248 0.4537818431854248 0.4537818431854248 0.4537818431854248
0.4651811718940735 0.4651811718940735 0.4651811718940735 0.4651811718940735
0.4708736538887024 0.4708736538887024 0.4708736538887024 0.4708736538887024
0.4528825283050537 0.4528825283050537 0.4528825283050537 0.4528825283050537
0.4675741493701935 0.4675741493701935 0.4675741493701935 0.4675741493701935
0.4477408826351166 0.4477408826351166 0.4477408826351166 0.4477408826351166
0.4707574248313904 0.4707574248313904 0.4707574248313904 0.4707574248313904
0.4437638521194458 0.4437638521194458 0.4437638521194458 0.4437638521194458
0.4467378854751587 0.4467378854751587 0.4467378854751587 0.4467378854751587
0.4608136415481567 0.4608136415481567 0.4608136415481567 0.4608136415481567
0.4559890031814575 0.4559890031814575 0.4559890031814575 0.4559890031814575
0.3856134712696075 0.3856134712696075 0.3856134712696075 0.3856134712696075
0.3912814557552338 0.3912814557552338 0.3912814557552338 0.3912814557552338
0.4243326485157013 0.4243326485157013 0.4243326485157013 0.4243326485157013
0.4706387221813202 0.4706387221813202 0.4706387221813202 0.4706387221813202
0.3953193128108978 0.3953193128108978 0.3953193128108978 0.3953193128108978
0.3855160176753998 0.3855160176753998 0.3855160176753998 0.3855160176753998
0.4042139947414398 0.4042139947414398 0.4042139947414398 0.4042139947414398
0.4064151048660278 0.4064151048660278 0.4064151048660278 0.4064151048660278
0.4095362424850464 0.4095362424850464 0.4095362424850464 0.4095362424850464
0.3946582376956940 0.3946582376956940 0.3946582376956940 0.3946582376956940
0.3877248167991638 0.3877248167991638 0.3877248167991638 0.3877248167991638
0.4695379137992859 0.4695379137992859 0.4695379137992859 0.4695379137992859
0.4806280732154846 0.4806280732154846 0.4806280732154846 0.4806280732154846
0.4000326097011566 0.4000326097011566 0.4000326097011566 0.4000326097011566
0.4537022411823273 0.4537022411823273 0.4537022411823273 0.4537022411823273
0.3926447927951813 0.3926447927951813 0.3926447927951813 0.3926447927951813
0.3959888517856598 0.3959888517856598 0.3959888517856598 0.3959888517856598
0.4061892628669739 0.4061892628669739 0.4061892628669739 0.4061892628669739
0.4722817838191986 0.4722817838191986 0.4722817838191986 0.4722817838191986
0.4015845656394958 0.4015845656394958 0.4015845656394958 0.4015845656394958
0.3806194067001343 0.3806194067001343 0.3806194067001343 0.3806194067001343
0.3862670958042145 0.3862670958042145 0.3862670958042145 0.3862670958042145
0.4111815392971039 0.4111815392971039 0.4111815392971039 0.4111815392971039
0.4228586852550507 0.4228586852550507 0.4228586852550507 0.4228586852550507
0.3968119621276855 0.3968119621276855 0.3968119621276855 0.3968119621276855
0.4002149403095245 0.4002149403095245 0.4002149403095245 0.4002149403095245
0.4682168066501617 0.4682168066501617 0.4682168066501617 0.4682168066501617
0.4730931818485260 0.4730931818485260 0.4730931818485260 0.4730931818485260
0.3877675831317902 0.3877675831317902 0.3877675831317902 0.3877675831317902
0.4735243320465088 0.4735243320465088 0.4735243320465088 0.4735243320465088
0.0864810720086098 0.0864810720086098 0.0864810720086098 0.0864810720086098
0.1034082919359207 0.1034082919359207 0.1034082919359207 0.1034082919359207
0.1011897772550583 0.1011897772550583 0.1011897772550583 0.1011897772550583
0.1666898876428604 0.1666898876428604 0.1666898876428604 0.1666898876428604
0.0830074027180672 0.0830074027180672 0.0830074027180672 0.0830074027180672
0.0952805206179619 0.0952805206179619 0.0952805206179619 0.0952805206179619
0.1086351722478867 0.1086351722478867 0.1086351722478867 0.1086351722478867
0.0759188085794449 0.0759188085794449 0.0759188085794449 0.0759188085794449
0.0744714364409447 0.0744714364409447 0.0744714364409447 0.0744714364409447
0.0923564732074738 0.0923564732074738 0.0923564732074738 0.0923564732074738
0.0979681313037872 0.0979681313037872 0.0979681313037872 0.0979681313037872
0.1872709244489670 0.1872709244489670 0.1872709244489670 0.1872709244489670
0.2047914415597916 0.2047914415597916 0.2047914415597916 0.2047914415597916
0.0989002436399460 0.0989002436399460 0.0989002436399460 0.0989002436399460
0.1958591938018799 0.1958591938018799 0.1958591938018799 0.1958591938018799
0.0990865752100945 0.0990865752100945 0.0990865752100945 0.0990865752100945
0.0879233852028847 0.0879233852028847 0.0879233852028847 0.0879233852028847
0.0761834383010864 0.0761834383010864 0.0761834383010864 0.0761834383010864
0.2348903417587280 0.2348903417587280 0.2348903417587280 0.2348903417587280
0.1215376257896423 0.1215376257896423 0.1215376257896423 0.1215376257896423
0.0892798006534576 0.0892798006534576 0.0892798006534576 0.0892798006534576
0.0897795483469963 0.0897795483469963 0.0897795483469963 0.0897795483469963
0.0902370214462280 0.0902370214462280 0.0902370214462280 0.0902370214462280
0.1050991117954254 0.1050991117954254 0.1050991117954254 0.1050991117954254
0.1171766817569733 0.1171766817569733 0.1171766817569733 0.1171766817569733
0.0897764638066292 0.0897764638066292 0.0897764638066292 0.0897764638066292
0.2020531892776489 0.2020531892776489 0.2020531892776489 0.2020531892776489
0.1807886064052582 0.1807886064052582 0.1807886064052582 0.1807886064052582
0.0813922658562660 0.0813922658562660 0.0813922658562660 0.0813922658562660
0.2138515263795853 0.2138515263795853 0.2138515263795853 0.2138515263795853
0.4570308029651642 0.4570308029651642 0.4570308029651642 0.4570308029651642
0.4281916320323944 0.4281916320323944 0.4281916320323944 0.4281916320323944
0.4355574846267700 0.4355574846267700 0.4355574846267700 0.4355574846267700
0.4968628585338593 0.4968628585338593 0.4968628585338593 0.4968628585338593
0.4521516561508179 0.4521516561508179 0.4521516561508179 0.4521516561508179
0.4568878412246704 0.4568878412246704 0.4568878412246704 0.4568878412246704
0.4525220990180969 0.4525220990180969 0.4525220990180969 0.4525220990180969
0.4526836872100830 0.4526836872100830 0.4526836872100830 0.4526836872100830
0.4871079325675964 0.4871079325675964 0.4871079325675964 0.4871079325675964
0.4455709755420685 0.4455709755420685 0.4455709755420685 0.4455709755420685
0.4672584235668182 0.4672584235668182 0.4672584235668182 0.4672584235668182
0.5311236381530762 0.5311236381530762 0.5311236381530762 0.5311236381530762
0.5413455367088318 0.5413455367088318 0.5413455367088318 0.5413455367088318
0.4358754158020020 0.4358754158020020 0.4358754158020020 0.4358754158020020
0.5063877105712891 0.5063877105712891 0.5063877105712891 0.5063877105712891
0.4445780515670776 0.4445780515670776 0.4445780515670776 0.4445780515670776
0.4740739464759827 0.4740739464759827 0.4740739464759827 0.4740739464759827
0.4854782819747925 0.4854782819747925 0.4854782819747925 0.4854782819747925
0.5329290032386780 0.5329290032386780 0.5329290032386780 0.5329290032386780
0.4545916020870209 0.4545916020870209 0.4545916020870209 0.4545916020870209
0.4413727521896362 0.4413727521896362 0.4413727521896362 0.4413727521896362
0.4353817403316498 0.4353817403316498 0.4353817403316498 0.4353817403316498
0.4432139396667480 0.4432139396667480 0.4432139396667480 0.4432139396667480
0.4419721066951752 0.4419721066951752 0.4419721066951752 0.4419721066951752
0.4445981085300446 0.4445981085300446 0.4445981085300446 0.4445981085300446
0.4333370327949524 0.4333370327949524 0.4333370327949524 0.4333370327949524
0.4919780492782593 0.4919780492782593 0.4919780492782593 0.4919780492782593
0.4906840920448303 0.4906840920448303 0.4906840920448303 0.4906840920448303
0.4605304598808289 0.4605304598808289 0.4605304598808289 0.4605304598808289
0.5453656315803528 0.5453656315803528 0.5453656315803528 0.5453656315803528
0.4674123227596283 0.4674123227596283 0.4674123227596283 0.4674123227596283
0.5135290026664734 0.5135290026664734 0.5135290026664734 0.5135290026664734
0.4879227280616760 0.4879227280616760 0.4879227280616760 0.4879227280616760
0.6250360012054443 0.6250360012054443 0.6250360012054443 0.6250360012054443
0.5109008550643921 0.5109008550643921 0.5109008550643921 0.5109008550643921
0.5030940771102905 0.5030940771102905 0.5030940771102905 0.5030940771102905
0.5186416506767273 0.5186416506767273 0.5186416506767273 0.5186416506767273
0.5078498721122742 0.5078498721122742 0.5078498721122742 0.5078498721122742
0.5973407626152039 0.5973407626152039 0.5973407626152039 0.5973407626152039
0.5018648505210876 0.5018648505210876 0.5018648505210876 0.5018648505210876
0.4827533066272736 0.4827533066272736 0.4827533066272736 0.4827533066272736
0.6526432037353516 0.6526432037353516 0.6526432037353516 0.6526432037353516
0.6678538918495178 0.6678538918495178 0.6678538918495178 0.6678538918495178
0.4847954809665680 0.4847954809665680 0.4847954809665680 0.4847954809665680
0.6080204844474792 0.6080204844474792 0.6080204844474792 0.6080204844474792
0.4871211349964142 0.4871211349964142 0.4871211349964142 0.4871211349964142
0.5419999957084656 0.5419999957084656 0.5419999957084656 0.5419999957084656
0.5631029605865479 0.5631029605865479 0.5631029605865479 0.5631029605865479
0.6388354897499084 0.6388354897499084 0.6388354897499084 0.6388354897499084
0.5406664609909058 0.5406664609909058 0.5406664609909058 0.5406664609909058
0.5105331540107727 0.5105331540107727 0.5105331540107727 0.5105331540107727
0.5069229602813721 0.5069229602813721 0.5069229602813721 0.5069229602813721
0.4983499050140381 0.4983499050140381 0.4983499050140381 0.4983499050140381
0.4835525453090668 0.4835525453090668 0.4835525453090668 0.4835525453090668
0.5342817306518555 0.5342817306518555 0.5342817306518555 0.5342817306518555
0.4786372482776642 0.4786372482776642 0.4786372482776642 0.4786372482776642
0.6076635718345642 0.6076635718345642 0.6076635718345642 0.6076635718345642
0.6199213862419128 0.6199213862419128 0.6199213862419128 0.6199213862419128
0.5312494635581970 0.5312494635581970 0.5312494635581970 0.5312494635581970
0.6787079572677612 0.6787079572677612 0.6787079572677612 0.6787079572677612
1.0348736047744751 1.0348736047744751 1.0348736047744751 1.0348736047744751
1.0937920808792114 1.0937920808792114 1.0937920808792114 1.0937920808792114
1.0705391168594360 1.0705391168594360 1.0705391168594360 1.0705391168594360
1.1252584457397461 1.1252584457397461 1.1252584457397461 1.1252584457397461
1.0933523178100586 1.0933523178100586 1.0933523178100586 1.0933523178100586
1.1008578538894653 1.1008578538894653 1.1008578538894653 1.1008578538894653
1.1097344160079956 1.1097344160079956 1.1097344160079956 1.1097344160079956
1.1259927749633789 1.1259927749633789 1.1259927749633789 1.1259927749633789
1.1831246614456177 1.1831246614456177 1.1831246614456177 1.1831246614456177
1.0715218782424927 1.0715218782424927 1.0715218782424927 1.0715218782424927
1.0859369039535522 1.0859369039535522 1.0859369039535522 1.0859369039535522
1.1995066404342651 1.1995066404342651 1.1995066404342651 1.1995066404342651
1.1557984352111816 1.1557984352111816 1.1557984352111816 1.1557984352111816
1.1257112026214600 1.1257112026214600 1.1257112026214600 1.1257112026214600
1.0834052562713623 1.0834052562713623 1.0834052562713623 1.0834052562713623
1.1548429727554321 1.1548429727554321 1.1548429727554321 1.1548429727554321
1.0878345966339111 1.0878345966339111 1.0878345966339111 1.0878345966339111
1.2116230726242065 1.2116230726242065 1.2116230726242065 1.2116230726242065
1.1524376869201660 1.1524376869201660 1.1524376869201660 1.1524376869201660
1.1475571393966675 1.1475571393966675 1.1475571393966675 1.1475571393966675
1.0869462490081787 1.0869462490081787 1.0869462490081787 1.0869462490081787
1.0381196737289429 1.0381196737289429 1.0381196737289429 1.0381196737289429
1.1537948846817017 1.1537948846817017 1.1537948846817017 1.1537948846817017
1.0797387361526489 1.0797387361526489 1.0797387361526489 1.0797387361526489
1.1036561727523804 1.1036561727523804 1.1036561727523804 1.1036561727523804
1.0472792387008667 1.0472792387008667 1.0472792387008667 1.0472792387008667
1.0742284059524536 1.0742284059524536 1.0742284059524536 1.0742284059524536
1.1068004369735718 1.1068004369735718 1.1068004369735718 1.1068004369735718
1.1123534440994263 1.1123534440994263 1.1123534440994263 1.1123534440994263
1.1593960523605347 1.1593960523605347 1.1593960523605347 1.1593960523605347
